0	-0.143020297169592
0.005	-0.143025857289384
0.01	-0.143031609483121
0.015	-0.143037481153186
0.02	-0.143043411462526
0.025	-0.143049353854952
0.03	-0.143055277950944
0.035	-0.143061168451606
0.04	-0.143067022659457
0.045	-0.143072850151593
0.05	-0.143078673717777
0.055	-0.143084528678401
0.06	-0.143090461289767
0.065	-0.143096527551872
0.07	-0.143102792555431
0.075	-0.143109329832859
0.08	-0.143116218694437
0.085	-0.143123539825939
0.09	-0.14313137253559
0.095	-0.143139796250555
0.1	-0.143148894167925
0.105	-0.143158753996116
0.11	-0.14316946529503
0.115	-0.143181116601068
0.12	-0.143193793707567
0.125	-0.143207580248625
0.13	-0.143222560380718
0.135	-0.143238818715123
0.14	-0.143256436527616
0.145	-0.143275490875704
0.15	-0.143296057607556
0.155	-0.143318213212537
0.16	-0.143342035087786
0.165	-0.143367601217592
0.17	-0.14339498865989
0.175	-0.143424272286618
0.18	-0.14345552714165
0.185	-0.143488833184516
0.19	-0.143524275298042
0.195	-0.143561938039932
0.2	-0.143601901850932
0.205	-0.143644241813758
0.21	-0.143689025706095
0.215	-0.14373631129819
0.22	-0.143786145955175
0.225	-0.143838568582007
0.23	-0.143893609660684
0.235	-0.143951290871901
0.24	-0.144011628300169
0.245	-0.144074633834507
0.25	-0.144140311244871
0.255	-0.144208652125604
0.26	-0.144279632467899
0.265	-0.144353209554916
0.27	-0.144429324567358
0.275	-0.144507910802154
0.28	-0.144588899288253
0.285	-0.14467221870683
0.29	-0.144757794256135
0.295	-0.1448455451787
0.3	-0.144935377894667
0.305	-0.145027181807705
0.31	-0.14512083333246
0.315	-0.145216199134256
0.32	-0.145313135023139
0.325	-0.145411488579192
0.33	-0.145511106767557
0.335	-0.14561184567724
0.34	-0.145713579438321
0.345	-0.145816202055406
0.35	-0.145919622701921
0.355	-0.146023761776732
0.36	-0.146128549553072
0.365	-0.146233925799507
0.37	-0.146339839191518
0.375	-0.146446244264205
0.38	-0.146553096590721
0.385	-0.146660349668899
0.39	-0.146767954713259
0.395	-0.146875859743506
0.4	-0.146984005114955
0.405	-0.147092318603225
0.41	-0.147200712123113
0.415	-0.147309079782703
0.42	-0.147417298572881
0.425	-0.14752522937183
0.43	-0.147632712964197
0.435	-0.147739566161937
0.44	-0.147845588414862
0.445	-0.147950572165032
0.45	-0.14805430446975
0.455	-0.148156562292942
0.46	-0.148257106387378
0.465	-0.148355677387531
0.47	-0.148452000289096
0.475	-0.148545794696033
0.48	-0.148636782872941
0.485	-0.148724694248336
0.49	-0.148809268919153
0.495	-0.148890259583991
0.5	-0.148967429683804
0.505	-0.149040551365402
0.51	-0.149109407781046
0.515	-0.149173794159396
0.52	-0.14923351374404
0.525	-0.149288380028546
0.53	-0.149338229059028
0.535	-0.149382926924393
0.54	-0.14942236810167
0.545	-0.149456473793976
0.55	-0.149485193397024
0.555	-0.149508504377081
0.56	-0.149526407712067
0.565	-0.149538927689378
0.57	-0.14954612133134
0.575	-0.149548085793426
0.58	-0.149544954967096
0.585	-0.149536889537304
0.59	-0.14952406885255
0.595	-0.149506688148456
0.6	-0.149484956455223
0.605	-0.149459093306286
0.61	-0.149429326011232
0.615	-0.149395883630356
0.62	-0.149358987673963
0.625	-0.149318846247305
0.63	-0.149275651755267
0.635	-0.149229579465294
0.64	-0.149180788347771
0.645	-0.149129422058796
0.65	-0.149075608803055
0.655	-0.149019464581792
0.66	-0.148961096647377
0.665	-0.148900600735264
0.67	-0.148838057899288
0.675	-0.148773537392191
0.68	-0.148707100741388
0.685	-0.148638801693613
0.69	-0.14856868394093
0.695	-0.148496779795343
0.7	-0.148423112027112
0.705	-0.148347699863304
0.71	-0.148270563967971
0.715	-0.148191729449051
0.72	-0.148111233522485
0.725	-0.148029134167735
0.73	-0.147945511374207
0.735	-0.147860462574321
0.74	-0.147774097530381
0.745	-0.147686534248989
0.75	-0.147597896163017
0.755	-0.147508314512844
0.76	-0.147417937623475
0.765	-0.147326940253635
0.77	-0.147235529630387
0.775	-0.147143951329921
0.78	-0.147052490854802
0.785	-0.146961466204883
0.79	-0.146871219133851
0.795	-0.146782110788759
0.8	-0.146694519406539
0.805	-0.146608841405168
0.81	-0.146525493307332
0.815	-0.146444906800355
0.82	-0.146367520060016
0.825	-0.146293773137993
0.83	-0.146224107913818
0.835	-0.146158968125617
0.84	-0.146098795547536
0.845	-0.146044025392689
0.85	-0.145995084835377
0.855	-0.145952389903854
0.86	-0.145916337755018
0.865	-0.145887300216673
0.87	-0.145865624624419
0.875	-0.145851641528176
0.88	-0.14584567014828
0.885	-0.145848014696968
0.89	-0.145858957584156
0.895	-0.145878753812763
0.9	-0.145907626199235
0.905	-0.145945766480374
0.91	-0.145993342162963
0.915	-0.146050501057561
0.92	-0.146117368834773
0.925	-0.146194042942616
0.93	-0.146280589984657
0.935	-0.146377046414691
0.94	-0.146483416029566
0.945	-0.146599663898167
0.95	-0.146725714001438
0.955	-0.14686145205933
0.96	-0.147006726377713
0.965	-0.147161347074952
0.97	-0.147325092077678
0.975	-0.147497718564899
0.98	-0.14767897132863
0.985	-0.147868588512133
0.99	-0.148066307994839
0.995	-0.148271870808967
1	-0.148485023504413
1.005	-0.148705525842009
1.01	-0.148933159814204
1.015	-0.14916773356258
1.02	-0.149409077370582
1.025	-0.149657032610926
1.03	-0.14991144173552
1.035	-0.15017214239596
1.04	-0.150438964980804
1.045	-0.150711733707533
1.05	-0.150990262896381
1.055	-0.151274344637131
1.06	-0.151563735254173
1.065	-0.151858145885439
1.07	-0.152157239703143
1.075	-0.152460635979925
1.08	-0.152767916882849
1.085	-0.153078632450095
1.09	-0.153392303738863
1.095	-0.153708427603172
1.1	-0.154026482697374
1.105	-0.154345934954126
1.11	-0.154666245289976
1.115	-0.154986879928954
1.12	-0.155307318388004
1.125	-0.155627056355724
1.13	-0.155945606162525
1.135	-0.156262497611928
1.14	-0.156577277049712
1.145	-0.156889505288779
1.15	-0.157198758622558
1.155	-0.157504626901887
1.16	-0.157806703720098
1.165	-0.1581045791819
1.17	-0.158397841490503
1.175	-0.15868607998428
1.18	-0.158968883713968
1.185	-0.159245838052621
1.19	-0.159516522433203
1.195	-0.159780508850884
1.2	-0.160037362653444
1.205	-0.160286646747871
1.21	-0.16052792683722
1.215	-0.160760776236902
1.22	-0.16098478063248
1.225	-0.161199543375496
1.23	-0.161404690880937
1.235	-0.161599876005773
1.24	-0.161784778976047
1.245	-0.161959108739542
1.25	-0.162122604959922
1.255	-0.162275038211179
1.26	-0.162416210462053
1.265	-0.162545958010069
1.27	-0.16266415252676
1.275	-0.162770697019931
1.28	-0.162865520553137
1.285	-0.162948573683087
1.29	-0.163019823628618
1.295	-0.16307925329937
1.3	-0.163126864311376
1.305	-0.16316267668426
1.31	-0.163186725534757
1.315	-0.163199061440102
1.32	-0.163199752798369
1.325	-0.163188883778805
1.33	-0.163166549978304
1.335	-0.163132857033379
1.34	-0.163087921585299
1.345	-0.163031873351989
1.35	-0.162964857901372
1.355	-0.162887038592706
1.36	-0.162798598003086
1.365	-0.162699739126336
1.37	-0.162590684769532
1.375	-0.162471674881427
1.38	-0.162342963304705
1.385	-0.162204815330737
1.39	-0.162057505211743
1.395	-0.161901313799769
1.4	-0.161736530217379
1.405	-0.161563455176435
1.41	-0.161382398178811
1.415	-0.161193673090659
1.42	-0.160997600611522
1.425	-0.160794511128556
1.43	-0.160584742768855
1.435	-0.160368642521079
1.44	-0.160146572185555
1.445	-0.159918909177666
1.45	-0.159686036758316
1.455	-0.159448332049849
1.46	-0.159206161480475
1.465	-0.15895988312149
1.47	-0.158709852115112
1.475	-0.158456425529939
1.48	-0.158199962089056
1.485	-0.157940817565898
1.49	-0.157679342110927
1.495	-0.157415881959446
1.5	-0.15715078290189
1.505	-0.156884394081884
1.51	-0.156617070974114
1.515	-0.156349174100757
1.52	-0.156081064704936
1.525	-0.155813104250482
1.53	-0.155545657455155
1.535	-0.155279092236484
1.54	-0.155013774976497
1.545	-0.154750064320693
1.55	-0.154488309831817
1.555	-0.154228858422526
1.56	-0.153972059752808
1.565	-0.153718263967349
1.57	-0.153467817785607
1.575	-0.153221062984073
1.58	-0.15297833367523
1.585	-0.152739950875297
1.59	-0.152506216446207
1.595	-0.152277407377451
1.6	-0.152053773781557
1.605	-0.151835544109253
1.61	-0.15162292938941
1.615	-0.151416118573696
1.62	-0.151215273458188
1.625	-0.151020529525774
1.63	-0.150831995455277
1.635	-0.15064975111071
1.64	-0.150473851423564
1.645	-0.150304332784791
1.65	-0.150141214615251
1.655	-0.149984496550265
1.66	-0.14983415470585
1.665	-0.149690141032892
1.67	-0.149552389740571
1.675	-0.149420827075183
1.68	-0.149295375807983
1.685	-0.149175955103263
1.69	-0.149062485554589
1.695	-0.148954899909545
1.7	-0.148853148208818
1.705	-0.148757194852648
1.71	-0.148667015124976
1.715	-0.148582595523041
1.72	-0.148503936233005
1.725	-0.148431050447314
1.73	-0.148363959898915
1.735	-0.148302691221988
1.74	-0.148247274864184
1.745	-0.14819774425628
1.75	-0.14815413139516
1.755	-0.148116458339119
1.76	-0.14808472954893
1.765	-0.148058929305796
1.77	-0.148039023010707
1.775	-0.148024959805267
1.78	-0.148016678123544
1.785	-0.148014113629118
1.79	-0.148017204508665
1.795	-0.148025892518698
1.8	-0.148040117075834
1.805	-0.14805980209625
1.81	-0.148084846965395
1.815	-0.148115130319082
1.82	-0.148150520137152
1.825	-0.148190877906419
1.83	-0.148236058812887
1.835	-0.148285916629283
1.84	-0.148340305856165
1.845	-0.148399079430619
1.85	-0.148462096769426
1.855	-0.14852923590901
1.86	-0.148600388718476
1.865	-0.148675446298788
1.87	-0.148754296331012
1.875	-0.14883682939801
1.88	-0.148922937200394
1.885	-0.149012504008656
1.89	-0.149105405747282
1.895	-0.149201515267867
1.9	-0.149300701256831
1.905	-0.14940282352513
1.91	-0.14950773414869
1.915	-0.14961527864037
1.92	-0.149725289255043
1.925	-0.149837581002259
1.93	-0.149951960581716
1.935	-0.150068237629033
1.94	-0.150186228359045
1.945	-0.15030575472243
1.95	-0.150426643258387
1.955	-0.150548726335079
1.96	-0.150671840177525
1.965	-0.150795815436385
1.97	-0.150920472496672
1.975	-0.151045624895894
1.98	-0.151171081725979
1.985	-0.151296648671837
1.99	-0.151422127270057
1.995	-0.151547312911095
2	-0.151671998317632
2.005	-0.151795981071819
2.01	-0.151919070220812
2.015	-0.152041093452514
2.02	-0.152161902921703
2.025	-0.152281373156439
2.03	-0.152399392340538
2.035	-0.152515852756966
2.04	-0.152630642741028
2.045	-0.15274364403658
2.05	-0.152854735123511
2.055	-0.152963795232409
2.06	-0.153070707690389
2.065	-0.153175362721049
2.07	-0.153277660035422
2.075	-0.153377513439644
2.08	-0.15347485478988
2.085	-0.153569631763426
2.09	-0.153661801256913
2.095	-0.153751326307249
2.1	-0.153838177823544
2.105	-0.153922336893788
2.11	-0.154003795290188
2.115	-0.154082550574687
2.12	-0.15415859666299
2.125	-0.154231917322682
2.13	-0.154302486405226
2.135	-0.154370272020299
2.14	-0.154435236237693
2.145	-0.15449732887639
2.15	-0.154556488487544
2.155	-0.154612654982797
2.16	-0.154665781864713
2.165	-0.154715839189748
2.17	-0.154762809641483
2.175	-0.154806685510634
2.18	-0.154847469632419
2.185	-0.154885177457755
2.19	-0.154919837931255
2.195	-0.154951490903215
2.2	-0.154980180968304
2.205	-0.155005951457112
2.21	-0.155028842871602
2.215	-0.155048899447884
2.22	-0.155066179749866
2.225	-0.155080759356661
2.23	-0.155092724561417
2.235	-0.155102166959942
2.24	-0.155109180939808
2.245	-0.155113861761069
2.25	-0.155116306458849
2.255	-0.155116616510365
2.26	-0.155114896890833
2.265	-0.155111251537282
2.27	-0.155105780181871
2.275	-0.155098577590218
2.28	-0.155089733014394
2.285	-0.155079330182319
2.29	-0.155067450252706
2.295	-0.155054177523771
2.3	-0.155039602183009
2.305	-0.155023816531644
2.31	-0.155006909925285
2.315	-0.154988967108319
2.32	-0.154970066664559
2.325	-0.154950279270675
2.33	-0.154929671129182
2.335	-0.154908309294379
2.34	-0.154886263055174
2.345	-0.154863603941889
2.35	-0.154840407007123
2.355	-0.154816753743927
2.36	-0.154792733980869
2.365	-0.15476844247041
2.37	-0.154743972280541
2.375	-0.154719410241563
2.38	-0.154694837188259
2.385	-0.15467033053686
2.39	-0.154645964924994
2.395	-0.154621812110962
2.4	-0.154597940760952
2.405	-0.154574415644101
2.41	-0.15455129850297
2.415	-0.154528650668611
2.42	-0.154506538265751
2.425	-0.1544850387452
2.43	-0.154464242245798
2.435	-0.154444248514205
2.44	-0.154425164407703
2.445	-0.154407100363142
2.45	-0.154390163477302
2.455	-0.154374449863439
2.46	-0.154360040671026
2.465	-0.154347004047961
2.47	-0.154335401525288
2.475	-0.154325293805066
2.48	-0.154316742456976
2.485	-0.15430980766329
2.49	-0.154304545757078
2.495	-0.154301011763472
2.5	-0.154299260974819
2.505	-0.154299339580111
2.51	-0.154301274044038
2.515	-0.154305074553299
2.52	-0.15431074591759
2.525	-0.154318292875132
2.53	-0.154327721623442
2.535	-0.154339039970824
2.54	-0.154352252353887
2.545	-0.154367354273426
2.55	-0.15438433273099
2.555	-0.154403168938252
2.56	-0.154423838096323
2.565	-0.154446306744783
2.57	-0.1544705302932
2.575	-0.154496452324674
2.58	-0.154524005703253
2.585	-0.154553115076896
2.59	-0.154583700212244
2.595	-0.154615678098972
2.6	-0.154648963408563
2.605	-0.154683469745337
2.61	-0.154719111838849
2.615	-0.154755806378273
2.62	-0.154793469166584
2.625	-0.154832009162148
2.63	-0.154871325942407
2.635	-0.154911315391001
2.64	-0.15495187684751
2.645	-0.154992915332329
2.65	-0.155034344687489
2.655	-0.155076091089493
2.66	-0.155118088032325
2.665	-0.155160268049215
2.67	-0.155202559380706
2.675	-0.155244884537002
2.68	-0.155287159576615
2.685	-0.155329295113717
2.69	-0.155371196165746
2.695	-0.155412763060356
2.7	-0.155453899265242
2.705	-0.155494521787285
2.71	-0.155534564912926
2.715	-0.155573974573555
2.72	-0.155612699503518
2.725	-0.155650690751979
2.73	-0.155687908691214
2.735	-0.155724324954585
2.74	-0.155759918855751
2.745	-0.155794676468197
2.75	-0.155828591419741
2.755	-0.155861662686537
2.76	-0.155893891412278
2.765	-0.155925280939014
2.77	-0.155955839399829
2.775	-0.155985578737598
2.78	-0.156014507579917
2.785	-0.156042626777565
2.79	-0.156069932236239
2.795	-0.156096419479359
2.8	-0.156122086491512
2.805	-0.156146932214508
2.81	-0.156170952452234
2.815	-0.156194140489686
2.82	-0.156216489594702
2.825	-0.156237988412754
2.83	-0.156258615202624
2.835	-0.156278341468207
2.84	-0.156297137454439
2.845	-0.15631497219069
2.85	-0.156331815540321
2.855	-0.156347642313889
2.86	-0.156362429825967
2.865	-0.156376151395276
2.87	-0.15638877404842
2.875	-0.156400259009994
2.88	-0.156410560177258
2.885	-0.15641962317592
2.89	-0.156427388232008
2.895	-0.156433794548545
2.9	-0.156438782196249
2.905	-0.156442290001811
2.91	-0.156444250781528
2.915	-0.156444586581191
2.92	-0.156443208826429
2.925	-0.156440023091798
2.93	-0.15643493067091
2.935	-0.156427827151511
2.94	-0.15641860458265
2.945	-0.156407157879627
2.95	-0.156393391995262
2.955	-0.156377224840955
2.96	-0.156358585587553
2.965	-0.156337414882625
2.97	-0.156313666152773
2.975	-0.156287301640898
2.98	-0.156258286488505
2.985	-0.156226584729312
2.99	-0.156192155472821
2.995	-0.156154954680709
3	-0.15611494779308
3.005	-0.156072122495894
3.01	-0.156026489022577
3.015	-0.155978071900167
3.02	-0.155926903025711
3.025	-0.155873019604207
3.03	-0.155816464701399
3.035	-0.155757286599313
3.04	-0.155695537530503
3.045	-0.155631272156387
3.05	-0.155564545557256
3.055	-0.155495416424769
3.06	-0.15542395614928
3.065	-0.155350253782143
3.07	-0.15527441080988
3.075	-0.155196530102331
3.08	-0.155116705717726
3.085	-0.155035018638991
3.09	-0.154951540210459
3.095	-0.154866338201818
3.1	-0.154779478383588
3.105	-0.154691019604812
3.11	-0.154601009057119
3.115	-0.154509486138342
3.12	-0.154416490096549
3.125	-0.154322061019045
3.13	-0.154226236549165
3.135	-0.154129053528954
3.14	-0.154030554816313
3.145	-0.153930792342375
3.15	-0.153829821986442
3.155	-0.153727696782859
3.16	-0.153624466477219
3.165	-0.153520182804754
3.17	-0.1534149028599
3.175	-0.153308689035425
3.18	-0.15320161043053
3.185	-0.153093745341172
3.19	-0.152985180969811
3.195	-0.152876008735797
3.2	-0.1527663183515
3.205	-0.15265619480208
3.21	-0.15254571502247
3.215	-0.152434943535983
3.22	-0.152323935593647
3.225	-0.152212747338559
3.23	-0.152101442927926
3.235	-0.151990097557993
3.24	-0.151878797513769
3.245	-0.151767632940423
3.25	-0.151656689172349
3.255	-0.151546048358368
3.26	-0.151435795828891
3.265	-0.151326019068147
3.27	-0.15121680505465
3.275	-0.151108245078896
3.28	-0.151000440665752
3.285	-0.150893503350726
3.29	-0.150787549074367
3.295	-0.150682688954448
3.3	-0.15057902396823
3.305	-0.150476650586285
3.31	-0.150375669398474
3.315	-0.150276188873406
3.32	-0.150178327063667
3.325	-0.150082213455673
3.33	-0.149987988560302
3.335	-0.149895799169349
3.34	-0.149805795480609
3.345	-0.14971813570466
3.35	-0.149632988776397
3.355	-0.149550527345956
3.36	-0.149470921447089
3.365	-0.149394342331022
3.37	-0.149320969414971
3.375	-0.149250989830297
3.38	-0.149184588324319
3.385	-0.149121935061741
3.39	-0.149063179705377
3.395	-0.149008450044429
3.4	-0.148957850403131
3.405	-0.148911459170858
3.41	-0.148869324639668
3.415	-0.148831458166747
3.42	-0.14879782813512
3.425	-0.14876836036996
3.43	-0.148742942881773
3.435	-0.148721427243892
3.44	-0.148703627464222
3.445	-0.148689317720384
3.45	-0.14867822432222
