0	4.75245244430546
0.005	4.75242610380687
0.01	4.75239867059767
0.015	4.7523702357307
0.02	4.75234089308414
0.025	4.7523107386398
0.03	4.75227987399341
0.035	4.752248409544
0.04	4.75221646228999
0.045	4.75218414811433
0.05	4.75215157373662
0.055	4.75211883386144
0.06	4.75208601355667
0.065	4.75205319176224
0.07	4.75202044321581
0.075	4.75198783817282
0.08	4.75195544103878
0.085	4.75192330806932
0.09	4.75189148366373
0.095	4.75186000004797
0.1	4.75182888309279
0.105	4.75179815631388
0.11	4.75176783710764
0.115	4.75173793228783
0.12	4.75170843983387
0.125	4.75167935161854
0.13	4.75165065204967
0.135	4.75162231683339
0.14	4.75159431606628
0.145	4.75156661970775
0.15	4.75153919917332
0.155	4.75151202242058
0.16	4.7514850482458
0.165	4.75145822536513
0.17	4.75143149653466
0.175	4.75140480469056
0.18	4.75137809664108
0.185	4.75135132352851
0.19	4.75132444043172
0.195	4.75129740474661
0.2	4.751270175481
0.205	4.75124271909514
0.21	4.75121501651871
0.215	4.75118706165126
0.22	4.75115885662872
0.225	4.75113041057125
0.23	4.75110173960581
0.235	4.75107287012064
0.24	4.7510438442331
0.245	4.75101471936073
0.25	4.75098556323839
0.255	4.75095645007802
0.26	4.75092745800859
0.265	4.75089867010302
0.27	4.75087017899591
0.275	4.75084208729739
0.28	4.75081450328907
0.285	4.75078754044593
0.29	4.75076131853623
0.295	4.75073595929119
0.3	4.75071158202745
0.305	4.75068830061803
0.31	4.7506662152806
0.315	4.75064540320098
0.32	4.75062591636465
0.325	4.75060778675633
0.33	4.75059103195302
0.335	4.75057565610178
0.34	4.75056164892404
0.345	4.75054898314652
0.35	4.75053760974504
0.355	4.7505274598392
0.36	4.75051845601365
0.365	4.75051052149659
0.37	4.75050358073857
0.375	4.75049755562846
0.38	4.75049236245967
0.385	4.75048791060219
0.39	4.75048410102908
0.395	4.75048082593199
0.4	4.75047797359074
0.405	4.75047543703256
0.41	4.75047312003439
0.415	4.750470938295
0.42	4.75046881626292
0.425	4.75046668116302
0.43	4.75046445987232
0.435	4.75046208187186
0.44	4.75045948310039
0.445	4.75045660474797
0.45	4.75045339251273
0.455	4.75044980399345
0.46	4.75044581904224
0.465	4.75044144406487
0.47	4.75043670789301
0.475	4.75043165386481
0.48	4.75042633336516
0.485	4.75042080229695
0.49	4.75041512151681
0.495	4.75040935695948
0.5	4.7504035735289
0.505	4.75039783010415
0.51	4.75039218304655
0.515	4.75038668833153
0.52	4.75038139656949
0.525	4.75037635075451
0.53	4.75037158985996
0.535	4.75036715045448
0.54	4.75036306250165
0.545	4.75035934396884
0.55	4.75035600150939
0.555	4.75035303877791
0.56	4.75035046540529
0.565	4.7503482983851
0.57	4.75034655705866
0.575	4.75034525935047
0.58	4.75034442042686
0.585	4.75034405045745
0.59	4.75034415334738
0.595	4.75034473089713
0.6	4.75034578835162
0.605	4.75034733311354
0.61	4.75034937145594
0.615	4.75035190874678
0.62	4.75035494859171
0.625	4.75035849546198
0.63	4.7503625633042
0.635	4.7503671777804
0.64	4.75037237229844
0.645	4.75037819011749
0.65	4.75038469060353
0.655	4.75039195026424
0.66	4.75040005901409
0.665	4.75040911545527
0.67	4.75041922313744
0.675	4.7504304904552
0.68	4.75044302993471
0.685	4.75045695233646
0.69	4.75047236168159
0.695	4.75048935275031
0.7	4.75050800485336
0.705	4.75052837538404
0.71	4.75055049957106
0.715	4.750574392291
0.72	4.75060004677717
0.725	4.75062743099759
0.73	4.75065648648498
0.735	4.7506871338464
0.74	4.75071928135637
0.745	4.75075282947905
0.75	4.7507876699956
0.755	4.75082368658525
0.76	4.75086076225286
0.765	4.75089878590996
0.77	4.75093765234389
0.775	4.75097726153747
0.78	4.75101751727955
0.785	4.75105832283953
0.79	4.7510995789289
0.795	4.75114118533863
0.8	4.75118304434163
0.805	4.75122506462653
0.81	4.75126716185858
0.815	4.75130925535021
0.82	4.75135126497046
0.825	4.75139311153614
0.83	4.75143472329044
0.835	4.75147604585437
0.84	4.75151704810476
0.845	4.75155772236172
0.85	4.75159808113173
0.855	4.75163815094545
0.86	4.75167796756438
0.865	4.75171757553525
0.87	4.75175702744769
0.875	4.75179638202775
0.88	4.75183570422834
0.885	4.75187506342766
0.89	4.7519145279505
0.895	4.75195416253053
0.9	4.75199402901292
0.905	4.75203418607932
0.91	4.75207469007569
0.915	4.75211559677598
0.92	4.7521569595433
0.925	4.75219882545863
0.93	4.75224123452665
0.935	4.75228422035219
0.94	4.75232780852721
0.945	4.75237201492062
0.95	4.75241684739166
0.955	4.75246230882585
0.96	4.7525083944936
0.965	4.75255508358212
0.97	4.75260233498391
0.975	4.75265009161378
0.98	4.75269828708448
0.985	4.75274684972891
0.99	4.7527957033234
0.995	4.75284476599096
1	4.75289395060723
1.005	4.75294316655181
1.01	4.75299231813152
1.015	4.7530413009041
1.02	4.75309000237969
1.025	4.75313830717281
1.03	4.75318610203036
1.035	4.75323327917636
1.04	4.75327973999766
1.045	4.75332539963555
1.05	4.75337018812069
1.055	4.75341404681502
1.06	4.75345692417604
1.065	4.75349876975039
1.07	4.75353952837484
1.075	4.75357914533556
1.08	4.75361757919198
1.085	4.75365480858744
1.09	4.75369083215023
1.095	4.75372566458448
1.1	4.75375933003174
1.105	4.75379185931424
1.11	4.75382329381808
1.115	4.75385368764898
1.12	4.75388310355628
1.125	4.75391160847866
1.13	4.75393927109413
1.135	4.75396615918421
1.14	4.75399233680312
1.145	4.75401786217017
1.15	4.75404278638463
1.155	4.75406715076932
1.16	4.75409098296973
1.165	4.75411429648253
1.17	4.75413709410451
1.175	4.75415936976368
1.18	4.75418110625245
1.185	4.75420227272111
1.19	4.7542228245955
1.195	4.75424270572995
1.2	4.7542618540157
1.205	4.75428020780193
1.21	4.75429770824218
1.215	4.75431429942775
1.22	4.75432992915061
1.225	4.75434455004571
1.23	4.75435812158679
1.235	4.75437061206711
1.24	4.75438199939667
1.245	4.75439227345582
1.25	4.75440144104664
1.255	4.75440952762297
1.26	4.75441657448389
1.265	4.75442263700987
1.27	4.7544277820434
1.275	4.75443208338262
1.28	4.75443562276174
1.285	4.75443849295805
1.29	4.75444079509244
1.295	4.75444263476445
1.3	4.75444412058701
1.305	4.75444536265634
1.31	4.75444647046022
1.315	4.75444755028859
1.32	4.75444870282731
1.325	4.75445002189583
1.33	4.7544515957821
1.335	4.75445351275919
1.34	4.75445586727063
1.345	4.75445876042873
1.35	4.75446229488247
1.355	4.75446657084164
1.36	4.75447168613772
1.365	4.75447773561273
1.37	4.75448480577065
1.375	4.75449296723204
1.38	4.75450227011325
1.385	4.75451274230392
1.39	4.75452438883785
1.395	4.75453719470968
1.4	4.7545511321388
1.405	4.75456616712682
1.41	4.75458225877408
1.415	4.75459935416805
1.42	4.7546173883976
1.425	4.75463629038616
1.43	4.75465598877216
1.435	4.75467641466068
1.44	4.75469749976378
1.445	4.75471917318262
1.45	4.75474136128824
1.455	4.75476398841352
1.46	4.75478697637843
1.465	4.75481024592232
1.47	4.75483372116784
1.475	4.75485733433788
1.48	4.75488102763843
1.485	4.75490474982543
1.49	4.75492844856065
1.495	4.75495206638462
1.5	4.75497554393672
1.505	4.75499882352613
1.51	4.75502184809997
1.515	4.75504455625242
1.52	4.75506687742649
1.525	4.75508873345844
1.53	4.75511004417928
1.535	4.75513073062431
1.54	4.75515071650234
1.545	4.7551699290573
1.55	4.7551882987629
1.555	4.75520576045306
1.56	4.75522225596692
1.565	4.75523773500526
1.57	4.75525215404805
1.575	4.75526547414025
1.58	4.75527765760271
1.585	4.75528866579472
1.59	4.7552984597495
1.595	4.75530700272313
1.6	4.75531426277907
1.605	4.75532021567445
1.61	4.75532484752651
1.615	4.75532815312626
1.62	4.7553301306212
1.625	4.75533077661167
1.63	4.75533008204436
1.635	4.75532803397237
1.64	4.75532462514628
1.645	4.75531985957454
1.65	4.7553137488411
1.655	4.75530630715609
1.66	4.75529755044067
1.665	4.75528749923326
1.67	4.75527617997905
1.675	4.75526361901614
1.68	4.75524983411796
1.685	4.75523483323846
1.69	4.75521862324434
1.695	4.755201220596
1.7	4.75518265507203
1.705	4.75516296797068
1.71	4.75514220805367
1.715	4.75512042884532
1.72	4.75509768890552
1.725	4.75507404892891
1.73	4.75504956654768
1.735	4.7550242932597
1.74	4.75499827502838
1.745	4.75497155964976
1.75	4.75494420195477
1.755	4.754916260847
1.76	4.75488779943891
1.765	4.75485888845658
1.77	4.75482960207443
1.775	4.75480000766686
1.78	4.75477016254405
1.785	4.75474012271705
1.79	4.75470994919018
1.795	4.75467970314946
1.8	4.75464943885237
1.805	4.75461919814714
1.81	4.75458900998779
1.815	4.75455889913974
1.82	4.75452889446599
1.825	4.75449902869758
1.83	4.75446933566792
1.835	4.75443985206847
1.84	4.75441062259716
1.845	4.75438170333571
1.85	4.7543531606473
1.855	4.7543250668909
1.86	4.75429749548182
1.865	4.75427051687697
1.87	4.75424419714156
1.875	4.7542186002113
1.88	4.75419379174879
1.885	4.75416983986472
1.89	4.75414681185349
1.895	4.75412477158172
1.9	4.75410377832926
1.905	4.75408388119096
1.91	4.75406510976598
1.915	4.75404747205731
1.92	4.75403095997862
1.925	4.754015551335
1.93	4.75400121012604
1.935	4.75398789247861
1.94	4.75397555391567
1.945	4.75396415420218
1.95	4.75395365724346
1.955	4.75394402554296
1.96	4.75393521872313
1.965	4.75392719762155
1.97	4.75391992580181
1.975	4.75391336630826
1.98	4.75390747738455
1.985	4.75390221217398
1.99	4.75389752175892
1.995	4.75389335980931
2	4.75388968916736
2.005	4.75388648436186
2.01	4.75388372593181
2.015	4.75388139162038
2.02	4.7538794508409
2.025	4.75387786732783
2.03	4.75387660782258
2.035	4.75387564414882
2.04	4.75387494724582
2.045	4.75387448628608
2.05	4.75387423258774
2.055	4.75387415993077
2.06	4.75387424080672
2.065	4.7538744405848
2.07	4.75387471664367
2.075	4.75387502507454
2.08	4.75387532479633
2.085	4.75387557742141
2.09	4.75387574867252
2.095	4.75387580743981
2.1	4.75387572101059
2.105	4.75387545476033
2.11	4.75387497932039
2.115	4.75387427651865
2.12	4.75387333665169
2.125	4.75387215258734
2.13	4.75387071770318
2.135	4.75386902621266
2.14	4.75386707341821
2.145	4.75386485462641
2.15	4.7538623621232
2.155	4.75385958340495
2.16	4.75385650294418
2.165	4.75385310459729
2.17	4.75384937315956
2.175	4.75384529578448
2.18	4.75384086448863
2.185	4.75383608144323
2.19	4.75383095978745
2.195	4.75382551489348
2.2	4.75381975879408
2.205	4.75381370450386
2.21	4.75380737015724
2.215	4.7538007785871
2.22	4.75379395542601
2.225	4.75378692654354
2.23	4.75377971595739
2.235	4.75377234332763
2.24	4.75376481897819
2.245	4.75375714058215
2.25	4.75374929563011
2.255	4.75374126652124
2.26	4.75373303348326
2.265	4.75372457480579
2.27	4.75371586770065
2.275	4.75370688960925
2.28	4.75369761651447
2.285	4.75368802169604
2.29	4.75367807913116
2.295	4.75366776836857
2.3	4.75365707817489
2.305	4.75364600800259
2.31	4.75363456527534
2.315	4.75362275930614
2.32	4.7536105957413
2.325	4.75359807605721
2.33	4.75358520277988
2.335	4.75357198339631
2.34	4.75355842653992
2.345	4.75354453510512
2.35	4.75353030650643
2.355	4.75351574160871
2.36	4.75350085248013
2.365	4.7534856613432
2.37	4.75347019500871
2.375	4.75345448076189
2.38	4.75343854223071
2.385	4.75342239604069
2.39	4.75340605614108
2.395	4.75338954427029
2.4	4.7533728959479
2.405	4.75335615935986
2.41	4.75333939263152
2.415	4.75332266163024
2.42	4.75330603835188
2.425	4.75328959997309
2.43	4.75327342755607
2.435	4.75325760628493
2.44	4.75324222686342
2.445	4.75322738320763
2.45	4.75321316650431
2.455	4.75319965853554
2.46	4.75318692580389
2.465	4.75317501613606
2.47	4.75316395935538
2.475	4.75315377184697
2.48	4.75314446009019
2.485	4.75313601939923
2.49	4.7531284326266
2.495	4.75312167470442
2.5	4.75311571839183
2.505	4.75311053245753
2.51	4.75310607559281
2.515	4.75310229466778
2.52	4.75309912663368
2.525	4.75309650165051
2.53	4.75309434858094
2.535	4.75309259990817
2.54	4.75309119315939
2.545	4.75309007089784
2.55	4.75308917873658
2.555	4.75308845949139
2.56	4.75308784817078
2.565	4.75308727217363
2.57	4.75308665351704
2.575	4.75308590997617
2.58	4.75308495542505
2.585	4.75308369985785
2.59	4.75308205157519
2.595	4.75307992331048
2.6	4.75307723837883
2.605	4.75307393203072
2.61	4.75306994863612
2.615	4.75306523965985
2.62	4.75305976452366
2.625	4.7530534907061
2.63	4.75304639069971
2.635	4.75303843910121
2.64	4.75302961342422
2.645	4.75301989638105
2.65	4.75300927620756
2.655	4.75299774707957
2.66	4.75298531056262
2.665	4.75297197425273
2.67	4.75295774797437
2.675	4.75294264096737
2.68	4.75292665937925
2.685	4.75290980455395
2.69	4.75289207509354
2.695	4.75287347351267
2.7	4.75285401500539
2.705	4.75283373091022
2.71	4.75281266406875
2.715	4.75279086328784
2.72	4.75276838079454
2.725	4.75274527026572
2.73	4.75272158417461
2.735	4.75269737329519
2.74	4.75267269136714
2.745	4.75264759882667
2.75	4.75262215678421
2.755	4.75259641756868
2.76	4.75257042519976
2.765	4.75254422295532
2.77	4.75251785696182
2.775	4.75249137326801
2.78	4.75246481076354
2.785	4.75243819725388
2.79	4.75241155357591
2.795	4.75238489708008
2.8	4.75235823912273
2.805	4.75233158400934
2.81	4.75230493283837
2.815	4.75227828723728
2.82	4.75225164927453
2.825	4.75222501965317
2.83	4.75219839847109
2.835	4.75217178749789
2.84	4.7521451895046
2.845	4.75211860497367
2.85	4.75209203182212
2.855	4.75206547073324
2.86	4.75203893088588
2.865	4.75201243107826
2.87	4.75198599606457
2.875	4.75195965157313
2.88	4.7519334228701
2.885	4.75190733563733
2.89	4.75188141425258
2.895	4.75185567828178
2.9	4.75183014110308
2.905	4.75180481272558
2.91	4.75177970852298
2.915	4.75175485877243
2.92	4.75173030795822
2.925	4.7517061064725
2.93	4.7516823067686
2.935	4.75165896419877
2.94	4.75163613689536
2.945	4.75161388411494
2.95	4.75159226339813
2.955	4.75157132679534
2.96	4.75155111865401
2.965	4.75153167797061
2.97	4.75151304271564
2.975	4.75149525047011
2.98	4.75147833724027
2.985	4.75146233995796
2.99	4.75144730162251
2.995	4.75143327323974
3	4.75142030997866
3.005	4.75140846554006
3.01	4.75139779199513
3.015	4.75138834448061
3.02	4.75138018083642
3.025	4.75137335713928
3.03	4.75136792743088
3.035	4.75136394464343
3.04	4.75136145928265
3.045	4.75136051888458
3.05	4.7513611681972
3.055	4.75136344591863
3.06	4.75136737848934
3.065	4.75137297949184
3.07	4.75138025825091
3.075	4.75138922918549
3.08	4.75139991280067
3.085	4.75141232908221
3.09	4.75142648965139
3.095	4.75144239203474
3.1	4.75146001766306
3.105	4.75147933376394
3.11	4.75150029641986
3.115	4.75152285467384
3.12	4.75154695654648
3.125	4.75157255301405
3.13	4.75159959748329
3.135	4.75162804533195
3.14	4.75165785575181
3.145	4.75168898774433
3.15	4.7517213881011
3.155	4.75175498517826
3.16	4.75178969342561
3.165	4.75182541967389
3.17	4.75186206888733
3.175	4.75189954878705
3.18	4.75193776852608
3.185	4.75197663418964
3.19	4.75201604938747
3.195	4.75205592378448
3.2	4.75209618452306
3.205	4.75213677864792
3.21	4.75217766043322
3.215	4.75221877910689
3.22	4.75226008262431
3.225	4.75230152731023
3.23	4.75234308066829
3.235	4.75238471904696
3.24	4.75242641886942
3.245	4.75246814371976
3.25	4.75250984206768
3.255	4.75255145636897
3.26	4.75259292677281
3.265	4.75263418461916
3.27	4.75267514863037
3.275	4.75271573235974
3.28	4.75275585409517
3.285	4.7527954383889
3.29	4.75283441168619
3.295	4.7528726973499
3.3	4.75291021020833
3.305	4.75294685486704
3.31	4.75298253222798
3.315	4.75301714893338
3.32	4.75305062352392
3.325	4.75308288834113
3.33	4.75311388718375
3.335	4.75314357078956
3.34	4.75317189593266
3.345	4.75319883020504
3.35	4.75322435465242
3.355	4.75324845942623
3.36	4.75327114015973
3.365	4.7532923992756
3.37	4.75331224940077
3.375	4.75333071691785
3.38	4.75334783962115
3.385	4.75336365876078
3.39	4.75337821448869
3.395	4.75339154533804
3.4	4.75340368906261
3.405	4.75341468497304
3.41	4.75342457586678
3.415	4.75343340670323
3.42	4.75344121905945
3.425	4.75344804808966
3.43	4.75345392859086
3.435	4.75345890230229
3.44	4.75346301896601
3.445	4.75346633557918
3.45	4.75346891578775
