0	-1.056074008881477	587.3707509214794	0	0.2772386832243882	0
0.005	-1.096891132145816	587.1493357218586	0	0.2772870452013371	0
0.01	-1.138927364873488	586.9334550197765	0	0.2773373261118339	0
0.015	-1.181678292357577	586.7305914490106	0	0.2773891885280614	0
0.02	-1.224530031348222	586.5462758059707	0	0.2774422912166042	0
0.025	-1.266872374916303	586.3844932964431	0	0.2774962809804629	0
0.03	-1.308189160837267	586.248081353222	0	0.2775507883649888	0
0.035	-1.348099194513809	586.1388783532093	0	0.277605435215558	0
0.04	-1.386342784108788	586.058105453062	0	0.277659848369591	0
0.045	-1.422775460542754	586.0065890553047	0	0.2777136625108208	0
0.05	-1.457362924248341	585.9843530256383	0	0.2777665084696007	0
0.055	-1.490118101856626	585.9901210283679	0	0.2778180125455823	0
0.06	-1.520995417335709	586.0213169143227	0	0.2778678190845744	0
0.065	-1.549795029462395	586.0743217671376	0	0.2779156046147724	0
0.07000000000000001	-1.576151608669241	586.144503090958	0	0.2779610599734497	0
0.075	-1.599600249511262	586.2266280428621	0	0.278003864951581	0
0.08	-1.619669247498901	586.3160279124834	0	0.2780436865440239	0
0.08500000000000001	-1.635973688191183	586.4093353966081	0	0.2780801910349301	0
0.09	-1.648194124718618	586.5044525385483	0	0.2781130466971916	0
0.095	-1.655963691834174	586.6001923608201	0	0.2781419242722343	0
0.1	-1.658872252431184	586.6955667353227	0	0.2781665107084895	0
0.105	-1.656574607101423	586.7894878409951	0	0.2781865338632476	0
0.11	-1.648775152732908	586.8811457465249	0	0.2782017914673057	0
0.115	-1.635091514681769	586.9699783691593	0	0.2782121725786944	0
0.12	-1.615066375425598	587.0550695983756	0	0.2782176583004426	0
0.125	-1.588388120488018	587.13452710023	0	0.2782183155126151	0
0.13	-1.555157763099123	587.2052283397103	0	0.2782143079872941	0
0.135	-1.516069064159063	587.2635365992098	0	0.2782059099491387	0
0.14	-1.472339490174056	587.3067562460496	0	0.2781934857749704	0
0.145	-1.425339274582931	587.3340929892407	0	0.2781774445232434	0
0.15	-1.376172038662209	587.3466733199398	0	0.2781582194046715	0
0.155	-1.325517086898466	587.347087579317	0	0.278136284838482	0
0.16	-1.27377963418742	587.338618094812	0	0.2781121617196511	0
0.165	-1.221405011691069	587.3244724727773	0	0.2780863855577301	0
0.17	-1.169087149663193	587.3076291309719	0	0.2780594783216999	0
0.175	-1.117609728501667	587.2910625240191	0	0.2780319441245981	0
0.18	-1.067547003395574	587.2776118008562	0	0.2780042605383502	0
0.185	-1.019242220362857	587.2693007966595	0	0.2779768750179086	0
0.19	-0.9729114901024266	587.2665517813434	0	0.2779502389896177	0
0.195	-0.9285976739087475	587.2677450556542	0	0.2779248510113706	0
0.2	-0.8861663873882898	587.2695006450987	0	0.2779012646482629	0
0.205	-0.8454691617718926	587.2677333263407	0	0.277880068704241	0
0.21	-0.8064669854188162	587.2586212167381	0	0.2778618657066874	0
0.215	-0.7692713370086666	587.2390532976598	0	0.2778472615431151	0
0.22	-0.7342732081474426	587.2070021497618	0	0.2778368668011405	0
0.225	-0.7023660336275458	587.1618032806063	0	0.2778312917133264	0
0.23	-0.6750894473867165	587.1041049453282	0	0.2778311255254748	0
0.235	-0.6545851948635366	587.0354931132268	0	0.2778369144949356	0
0.24	-0.6433567790312951	586.9579972128388	0	0.2778491332888671	0
0.245	-0.6437630784128542	586.873803479281	0	0.2778681401020874	0
0.25	-0.65732390657463	586.7852448588325	0	0.2778941356571281	0
0.255	-0.6843080591175976	586.6951729222717	0	0.2779271329093599	0
0.26	-0.7238995693569398	586.6074823552584	0	0.2779669389074899	0
0.265	-0.77463699613951	586.5270126882613	0	0.2780131727645468	0
0.27	-0.8347148675960691	586.4587160236371	0	0.278065315568666	0
0.275	-0.9020799147145669	586.4066024477886	0	0.2781227625847044	0
0.28	-0.9744644376355234	586.372891606546	0	0.2781848605548717	0
0.285	-1.04947100183361	586.3576374872889	0	0.2782509204355698	0
0.29	-1.124763853082284	586.3590612543362	0	0.2783202156640314	0
0.295	-1.198297507740093	586.3747148226762	0	0.2783919944947683	0
0.3	-1.268410231499407	586.4025637126675	0	0.2784655047249835	0
0.305	-1.333756369014763	586.440915711377	0	0.2785400057587317	0
0.31	-1.393188562454851	586.4878378920903	0	0.2786147711030153	0
0.315	-1.445707382861771	586.5412895875273	0	0.2786890962255548	0
0.32	-1.490552311699659	586.599818149629	0	0.2787623173294906	0
0.325	-1.527299582114551	586.6628693932552	0	0.2788338438884156	0
0.33	-1.55578503792455	586.7305562331831	0	0.2789031973813249	0
0.335	-1.575971503914337	586.8033915421294	0	0.2789700406031869	0
0.34	-1.587924296111225	586.8824034761766	0	0.2790341851560052	0
0.345	-1.59182969965492	586.9694631343361	0	0.2790955778106171	0
0.35	-1.588035191924527	587.0671452696049	0	0.2791542773967283	0
0.355	-1.577146618967029	587.1781485803197	0	0.2792104348343619	0
0.36	-1.560097714877258	587.3045101427042	0	0.2792642795608148	0
0.365	-1.538129924937615	587.4464718800959	0	0.2793161028361799	0
0.37	-1.512684960334338	587.6014898358188	0	0.2793662415796734	0
0.375	-1.485217866835488	587.76389071583	0	0.2794150780982281	0
0.38	-1.457034918074231	587.9251974250938	0	0.2794630360983356	0
0.385	-1.429282995187751	588.0749560350475	0	0.2795105454510309	0
0.39	-1.403032133360432	588.2016632048261	0	0.2795579996240756	0
0.395	-1.379341521048415	588.2938255992754	0	0.2796057375730129	0
0.4	-1.359302904669474	588.3413586581585	0	0.279654042712764	0
0.405	-1.343988908767017	588.3369465842984	0	0.2797031423400024	0
0.41	-1.334249032402403	588.2770152392549	0	0.2797531959631839	0
0.415	-1.330526194753514	588.1623244019843	0	0.2798042667392001	0
0.42	-1.332875779669119	587.997742060872	0	0.2798563001378681	0
0.425	-1.34114090185256	587.7910298108666	0	0.2799091385866969	0
0.43	-1.355148626140889	587.551614047083	0	0.2799625639760932	0
0.435	-1.374829911109982	587.2898766240385	0	0.2800163380669165	0
0.44	-1.400176212526892	587.0165626230701	0	0.2800702079411801	0
0.445	-1.431057405873869	586.7420189904325	0	0.2801238784652815	0
0.45	-1.467018965567296	586.4756034509468	0	0.2801770043837211	0
0.455	-1.50716098720304	586.225608057371	0	0.2802292217321836	0
0.46	-1.55022776543276	585.9991681557384	0	0.2802801783071816	0
0.465	-1.594854048128874	585.802052855953	0	0.2803295437251635	0
0.47	-1.639707661670609	585.638869388097	0	0.280377017331008	0
0.475	-1.683468865408825	585.5133855505214	0	0.2804223442761854	0
0.48	-1.724793811471966	585.4285172300159	0	0.2804653360406571	0
0.485	-1.762379814194178	585.3861624083004	0	0.2805058944246186	0
0.49	-1.795190872256703	585.3871526094698	0	0.2805440348641337	0
0.495	-1.822730908757401	585.4313521197489	0	0.2805798885212667	0
0.5	-1.845095582988874	585.5175656727943	0	0.280613678283867	0
0.505	-1.862820503563283	585.6427918019189	0	0.2806456909406042	0
0.51	-1.876755517875069	585.8013752440663	0	0.2806762449678681	0
0.515	-1.88791036010837	585.985217721544	0	0.2807056510204903	0
0.52	-1.897260569527395	586.1846713069813	0	0.2807341872466602	0
0.525	-1.90565711917782	586.3889974553292	0	0.2807620912674673	0
0.53	-1.913729545499516	586.5870483893041	0	0.2807895579000536	0
0.535	-1.921770756594528	586.7693372412283	0	0.2808167378626929	0
0.54	-1.92978043679735	586.9302315613106	0	0.2808437380506662	0
0.545	-1.937599709001024	587.0679885299671	0	0.2808706391786391	0
0.55	-1.945039381297451	587.1830523047599	0	0.2808975206635012	0
0.555	-1.951994223143779	587.2769779916867	0	0.2809244581421524	0
0.5600000000000001	-1.958455825711335	587.3526096529945	0	0.2809514972162053	0
0.5650000000000001	-1.964439550320272	587.4143271408623	0	0.2809786342804477	0
0.5700000000000001	-1.969943304310146	587.4678381868597	0	0.281005818276638	0
0.5750000000000001	-1.974952801373831	587.5195675532823	0	0.281032962298953	0
0.58	-1.979449549508965	587.5752666270182	0	0.2810599550241615	0
0.585	-1.9834738036231	587.6381349477285	0	0.2810866873390683	0
0.59	-1.987294021116805	587.7076321821661	0	0.2811130990246504	0
0.595	-1.991540746612538	587.7795074596078	0	0.2811392094031556	0
0.6	-1.997154377794911	587.8466762276951	0	0.2811651025775716	0
0.605	-2.005173544961351	587.9004278921194	0	0.2811908921539525	0
0.61	-2.016479442274595	587.9319666218918	0	0.2812166992718895	0
0.615	-2.031610254159445	587.9345537066716	0	0.2812426266700888	0
0.62	-2.050685612810148	587.9052224908376	0	0.2812687191741506	0
0.625	-2.073431663516932	587.8446847305615	0	0.2812949479463723	0
0.63	-2.099299064035645	587.7559940386694	0	0.2813212301941796	0
0.635	-2.127592505642061	587.6432238988931	0	0.2813474647281107	0
0.64	-2.157576373089054	587.510436293113	0	0.2813735659877047	0
0.645	-2.188626921601879	587.3610399708373	0	0.2813994766678524	0
0.65	-2.220294484413151	587.1977633889509	0	0.2814251528596969	0
0.655	-2.252160546548001	587.0227986345383	0	0.2814505330937185	0
0.66	-2.283721111109541	586.8378831446405	0	0.281475507752911	0
0.665	-2.31437184442312	586.6449301414897	0	0.2814999014343829	0
0.67	-2.343312990564396	586.446900760136	0	0.2815234699572312	0
0.675	-2.369430260003471	586.2480621171862	0	0.2815458995661396	0
0.68	-2.391355979323257	586.0538176837663	0	0.281566799182323	0
0.6850000000000001	-2.407671393439155	585.8704563649651	0	0.2815857028339893	0
0.6900000000000001	-2.417064725536227	585.704654437701	0	0.2816020946157727	0
0.6950000000000001	-2.418400311935624	585.5627267796016	0	0.2816154457481277	0
0.7000000000000001	-2.410778024094514	585.450334917647	0	0.2816252486518695	0
0.705	-2.393588166522627	585.3729410118858	0	0.2816310502295764	0
0.71	-2.366486420280351	585.3359991205729	0	0.2816325069108955	0
0.715	-2.329374176945052	585.344296090493	0	0.2816294518886927	0
0.72	-2.282533604287402	585.4010334733094	0	0.2816219304577067	0
0.725	-2.226776395375488	585.5072917302817	0	0.2816101878766089	0
0.73	-2.163382423827268	585.6620224951379	0	0.2815946396084428	0
0.735	-2.09388384346711	585.8622651775861	0	0.2815758580909675	0
0.74	-2.019947027595416	586.1030908511713	0	0.2815545712428938	0
0.745	-1.943499763755819	586.3772537401907	0	0.2815316441644307	0
0.75	-1.866814087133481	586.6750927551975	0	0.2815080305109275	0
0.755	-1.792238576656472	586.9849907440822	0	0.2814847034158099	0
0.76	-1.721901686582274	587.2943347067092	0	0.2814625989300858	0
0.765	-1.657693288979865	587.59063921438	0	0.2814425890088235	0
0.77	-1.601291866113344	587.8622955130168	0	0.2814254518233774	0
0.775	-1.554064201407875	588.0988700101294	0	0.2814118243619227	0
0.78	-1.516961875913641	588.2912470277646	0	0.2814021713648292	0
0.785	-1.490496858258322	588.4319451966228	0	0.2813967871799787	0
0.79	-1.474762054628614	588.515884556367	0	0.281395803508395	0
0.795	-1.469531090551161	588.5412801167671	0	0.2813991741528142	0
0.8	-1.474436379673493	588.5100251445272	0	0.2814066596622372	0
0.805	-1.48901215682544	588.4273659135612	0	0.2814178624739678	0
0.8100000000000001	-1.512560461439969	588.3013170236566	0	0.2814322951735259	0
0.8150000000000001	-1.544108463821378	588.1422421537568	0	0.2814494196527175	0
0.8200000000000001	-1.582564249182259	587.9621637044778	0	0.2814686545457392	0
0.8250000000000001	-1.626868707148047	587.7736847470201	0	0.2814893870090205	0
0.8300000000000001	-1.675918658542427	587.5889839237859	0	0.2815109971186499	0
0.835	-1.728407605447547	587.4187073662688	0	0.2815328909434465	0
0.84	-1.782901627027179	587.2707939271004	0	0.2815545373412789	0
0.845	-1.838060441753857	587.1497047033282	0	0.2815754959581261	0
0.85	-1.892758645141461	587.0561281441097	0	0.2815954278916813	0
0.855	-1.9461136982927	586.9874219708153	0	0.2816140727550599	0
0.86	-1.997477755554127	586.9389938230399	0	0.2816311949419105	0
0.865	-2.046360705597823	586.9060893676915	0	0.2816465442089793	0
0.87	-2.092303730955113	586.8850928728654	0	0.2816598535418071	0
0.875	-2.134819109463128	586.873365406071	0	0.2816708548397248	0
0.88	-2.173443019300657	586.8680270732863	0	0.2816792908808758	0
0.885	-2.207804958532058	586.8657197629373	0	0.2816849203392255	0
0.89	-2.237619345132522	586.8638315342023	0	0.2816875349550347	0
0.895	-2.262625640646888	586.8613584852325	0	0.2816869948510901	0
0.9	-2.282553309313254	586.8585430315219	0	0.2816832494144356	0
0.905	-2.297163871899018	586.8562195414394	0	0.2816763268071817	0
0.91	-2.306348881050828	586.8552851320728	0	0.2816663190152008	0
0.915	-2.31014368601114	586.8563353507424	0	0.2816533764792989	0
0.92	-2.308627263674973	586.8599642401674	0	0.2816376990419667	0
0.925	-2.301834965685672	586.8670924385002	0	0.2816195203843738	0
0.93	-2.289699705186136	586.8782678502989	0	0.2815990903406443	0
0.9350000000000001	-2.272043143623389	586.8928142201646	0	0.2815766567172566	0
0.9400000000000001	-2.248698079962043	586.9090423872975	0	0.2815524592721765	0
0.9450000000000001	-2.219689073874467	586.9250677061297	0	0.2815267516065059	0
0.9500000000000001	-2.185339273288052	586.9393636194759	0	0.2814998308383858	0
0.9550000000000001	-2.146265947002398	586.950856540989	0	0.2814720363091487	0
0.96	-2.10333624865516	586.9586993451728	0	0.2814437283373846	0
0.965	-2.057624248769977	586.9620651232867	0	0.2814152711824197	0
0.97	-2.010290807685833	586.9602625536564	0	0.2813870028663648	0
0.975	-1.962396052763078	586.9528444442936	0	0.281359196085555	0
0.98	-1.914787461233691	586.9396280369479	0	0.2813320392792921	0
0.985	-1.868132066237767	586.9212166122885	0	0.2813056277995425	0
0.99	-1.822984422177027	586.8994777026332	0	0.2812799551861094	0
0.995	-1.779775925974803	586.8768814310754	0	0.2812549190045233	0
1	-1.738774001177999	586.8552329524401	0	0.2812303465105694	0
1.005	-1.700090008900924	586.8350425340884	0	0.2812060388860795	0
1.01	-1.66374243695128	586.8158568993982	0	0.2811818054475842	0
1.015	-1.62974552979879	586.7970447676537	0	0.28115745716734	0
1.02	-1.598171164919547	586.7783661442198	0	0.2811327970411402	0
1.025	-1.569154151311359	586.7601178680795	0	0.2811076496187154	0
1.03	-1.542833470719328	586.7432347367604	0	0.2810818985807925	0
1.035	-1.51928095072412	586.7293017304775	0	0.2810554922585399	0
1.04	-1.498572032220026	586.7200080758399	0	0.2810284290985142	0
1.045	-1.480989957397345	586.7166196370929	0	0.2810007451867868	0
1.05	-1.46711025603103	586.7200470425581	0	0.2809725038427173	0
1.055	-1.457674930048597	586.7309137171277	0	0.2809437906066407	0
1.06	-1.45339462981991	586.7494064638604	0	0.2809147209217585	0
1.065	-1.454772585393311	586.7751976860906	0	0.2808854551905594	0
1.07	-1.462014376002682	586.8073538823018	0	0.2808562083400244	0
1.075	-1.475064892329076	586.8443170522934	0	0.28082723411821	0
1.08	-1.493725706642131	586.8840506174782	0	0.2807987789312876	0
1.085	-1.517779005019091	586.924024903375	0	0.2807710336717721	0
1.09	-1.546978548347753	586.9612253008999	0	0.2807441143614248	0
1.095	-1.580871327302505	586.9926644131494	0	0.2807180758227854	0
1.1	-1.618703811789904	587.0160408211882	0	0.2806929258191018	0
1.105	-1.659542225863987	587.0299343775429	0	0.2806686142338922	0
1.11	-1.702380670550883	587.0336808381509	0	0.2806450260758708	0
1.115	-1.746122570031594	587.0273154455458	0	0.2806219872606021	0
1.12	-1.789588455671526	587.0115902852175	0	0.2805992502862285	0
1.125	-1.83157007774488	586.9880213537122	0	0.2805764757190011	0
1.13	-1.870848600169653	586.9587492525131	0	0.2805532504429019	0
1.135	-1.906243876679341	586.9259939458549	0	0.2805291322115877	0
1.14	-1.936701071893149	586.8915942334071	0	0.2805036876930247	0
1.145	-1.961286318012057	586.8569538115701	0	0.2804765126331207	0
1.15	-1.97908155719682	586.8231699777747	0	0.2804472436127051	0
1.155	-1.989138897931744	586.7913739814391	0	0.2804155749722903	0
1.16	-1.990632935329626	586.7630644916123	0	0.2803812729963056	0
1.165	-1.983105117649214	586.7402167768512	0	0.2803441731927642	0
1.17	-1.966552339445271	586.7254492912659	0	0.2803041699599643	0
1.175	-1.941339723681174	586.7220631942727	0	0.2802612235330683	0
1.18	-1.908077901724238	586.7337254215332	0	0.2802153968462216	0
1.185	-1.867529461730107	586.7638565887831	0	0.2801668917516005	0
1.19	-1.820623971529319	586.8146140312587	0	0.2801160491131172	0
1.195	-1.768563025075033	586.8858243466289	0	0.2800633184295797	0
1.2	-1.712831382552553	586.9742735653499	0	0.2800092207796531	0
1.205	-1.655085023953712	587.0734855157292	0	0.2799543268821055	0
1.21	-1.596998114172677	587.1743057418629	0	0.2798992473565677	0
1.215	-1.540098833546202	587.266085103743	0	0.2798446069125577	0
1.22	-1.485741241364166	587.3380660256178	0	0.2797909948894699	0
1.225	-1.435240899951737	587.38112929317	0	0.2797389286354413	0
1.23	-1.389885667244302	587.389556612329	0	0.2796888561592989	0
1.235	-1.350727702082518	587.3619087770636	0	0.2796411552914468	0
1.24	-1.31841713852476	587.3007238526915	0	0.2795960971150034	0
1.245	-1.293182591316092	587.2115050527772	0	0.2795538293691702	0
1.25	-1.274799940725996	587.1016951240272	0	0.2795144094210135	0
1.255	-1.262585653548093	586.9796437779728	0	0.2794778304490143	0
1.26	-1.255600575066756	586.8530546557823	0	0.2794440202028948	0
1.265	-1.252903405674336	586.7275669468569	0	0.2794128449192654	0
1.27	-1.253590586134969	586.6069697611229	0	0.2793841271009188	0
1.275	-1.256768589958038	586.494670393816	0	0.2793576652799478	0
1.28	-1.26167232955587	586.3943309025399	0	0.2793332470048513	0
1.285	-1.267778621733105	586.3092277262524	0	0.2793106590219767	0
1.29	-1.274702244291425	586.2417759165302	0	0.2792896975898743	0
1.295	-1.281966042664789	586.1937395639503	0	0.279270174995227	0
1.3	-1.288892993120081	586.1661861997839	0	0.2792519285978029	0
1.305	-1.29467503139246	586.1587943393674	0	0.2792348326555525	0
1.31	-1.298502777871496	586.1695153392715	0	0.2792188007382119	0
1.315	-1.299715644115212	586.1952216861835	0	0.2792037702543763	0
1.32	-1.297902357041905	586.2326427333792	0	0.2791896828587754	0
1.325	-1.29284352180253	586.2789809061195	0	0.2791764919903304	0
1.33	-1.28441726940904	586.3322301588253	0	0.2791641863519114	0
1.335	-1.272618475573283	586.3911731278878	0	0.2791527860195919	0
1.34	-1.257633088001077	586.45503006545	0	0.279142317593589	0
1.345	-1.239900114314457	586.5228535068157	0	0.279132808958082	0
1.35	-1.220107403651883	586.5930120288233	0	0.2791242984044199	0
1.355	-1.199059591524805	586.6631925850272	0	0.279116819738877	0
1.36	-1.177504341608017	586.7307657052304	0	0.2791103740970102	0
1.365	-1.156046240545128	586.7933183968901	0	0.2791049222992901	0
1.37	-1.13515989133461	586.8492050003247	0	0.279100382069225	0
1.375	-1.115263030488196	586.8976304456071	0	0.2790966083078295	0
1.38	-1.09677958824047	586.9385716390849	0	0.2790933846923925	0
1.385	-1.080100679180825	586.9729190648168	0	0.2790904551542451	0
1.39	-1.065486885669897	587.0023343796503	0	0.2790875669658328	0
1.395	-1.053043401349131	587.0290279090189	0	0.2790844978155494	0
1.4	-1.042736288065289	587.0557393785513	0	0.2790810722352263	0
1.405	-1.034353882953156	587.0851102369816	0	0.2790771620775526	0
1.41	-1.027510390577788	587.1186782983335	0	0.2790726796423776	0
1.415	-1.021817693836813	587.1564819100696	0	0.2790675814551138	0
1.42	-1.017085806356336	587.1969729046209	0	0.2790618739349451	0
1.425	-1.013330862333528	587.2370320576805	0	0.2790556226234064	0
1.43	-1.010687748067033	587.2725584055196	0	0.2790489596602766	0
1.435	-1.00945028798191	587.2996517924904	0	0.2790420578984085	0
1.44	-1.010135000984429	587.31574500036	0	0.2790350906461186	0
1.445	-1.013397299721605	587.3198724629016	0	0.279028226730193	0
1.45	-1.019879369272341	587.3122611093637	0	0.2790216470572471	0
1.455	-1.030066932864584	587.2940487632901	0	0.2790155381591523	0
1.46	-1.044195850679126	587.2672543525424	0	0.2790100587438812	0
1.465	-1.062266126813148	587.2348228149887	0	0.279005304781125	0
1.47	-1.084110185065382	587.2006877616361	0	0.2790012963201887	0
1.475	-1.109463011675143	587.1694527035388	0	0.2789979877361341	0
1.48	-1.137998198441511	587.1452870474798	0	0.2789952752204673	0
1.485	-1.169235241707233	587.1305952106067	0	0.2789929859631162	0
1.49	-1.202371197279843	587.1256454478045	0	0.2789908757387445	0
1.495	-1.23629089868794	587.1293055017954	0	0.2789886554843386	0
1.5	-1.269849334040866	587.1398752433369	0	0.2789860229367368	0
1.505	-1.302149944297531	587.1555642154786	0	0.2789826818730003	0
1.51	-1.332557032461025	587.1748780815216	0	0.2789783626147739	0
1.515	-1.360573351162327	587.1968831298041	0	0.2789728461244191	0
1.52	-1.38583917944006	587.2208974080311	0	0.2789659756149839	0
1.525	-1.40821817068081	587.2457001478493	0	0.2789576471468547	0
1.53	-1.427770651477003	587.2693981312341	0	0.2789477894258147	0
1.535	-1.444622184605788	587.2902938187501	0	0.2789363518017853	0
1.54	-1.458883295187102	587.3074254620144	0	0.278923306362829	0
1.545	-1.470657873823322	587.3199515365607	0	0.278908657739403	0
1.55	-1.480073343154866	587.3263531992951	0	0.2788924529199354	0
1.555	-1.487279127428606	587.3245128511329	0	0.2788747813845395	0
1.56	-1.492419964558106	587.3122613002695	0	0.2788557583898671	0
1.565	-1.495620693868845	587.2877361206096	0	0.2788355015923684	0
1.57	-1.496974023384627	587.2496074194628	0	0.2788141167751701	0
1.575	-1.49650855348007	587.1973938445412	0	0.2787916818130089	0
1.58	-1.494173963328766	587.1317938607001	0	0.278768222957557	0
1.585	-1.489850789655072	587.0545730387419	0	0.2787437067485664	0
1.59	-1.483333912862083	586.9679598684163	0	0.2787180552458205	0
1.595	-1.474364653246895	586.8739999971529	0	0.2786911678116445	0
1.6	-1.462755717177615	586.7743587168135	0	0.2786629329328044	0
1.605	-1.448431759732558	586.6709356495558	0	0.2786332323008787	0
1.61	-1.431357580914726	586.5665639256448	0	0.2786019567227489	0
1.615	-1.411525010538931	586.4649380645541	0	0.2785690330291492	0
1.62	-1.388998206240972	586.3703791766078	0	0.2785344288730316	0
1.625	-1.363898737414208	586.2877878332805	0	0.278498130147599	0
1.63	-1.33632307915718	586.2220795412492	0	0.2784601364619228	0
1.635	-1.30632548330305	586.1771101466455	0	0.2784204814287586	0
1.64	-1.27406916487288	586.155024444737	0	0.2783792366084798	0
1.645	-1.239989588551781	586.1564205467641	0	0.2783365008946666	0
1.65	-1.204739335861517	586.1806424824613	0	0.278292398037896	0
1.655	-1.169008722340442	586.2256507678252	0	0.2782470764395404	0
1.66	-1.133463103121444	586.2879358389509	0	0.2782007110821772	0
1.665	-1.098778188453801	586.3632024441832	0	0.2781535086922268	0
1.67	-1.06564410604349	586.447514972898	0	0.2781057015650404	0
1.675	-1.034720484326277	586.5377578676395	0	0.2780575300342429	0
1.68	-1.006531627203934	586.631522927688	0	0.2780092212311586	0
1.685	-0.9813205208612399	586.7273279044779	0	0.2779609812354745	0
1.69	-0.9590012812709058	586.8245530342476	0	0.2779130177122514	0
1.695	-0.9392910400003722	586.922685921634	0	0.2778655699110366	0
1.7	-0.9218566643721023	587.0207633164058	0	0.2778189202224137	0
1.705	-0.9063284302119415	587.1169765360422	0	0.2777733868255505	0
1.71	-0.8923462909567474	587.2083653160524	0	0.2777293076508365	0
1.715	-0.8797596481699992	587.2912411138362	0	0.2776870212591483	0
1.72	-0.8687446015529442	587.3619851115657	0	0.2776468358426902	0
1.725	-0.859653417140819	587.417661274401	0	0.2776089902287953	0
1.73	-0.8527663280373301	587.4566340495064	0	0.2775736283391518	0
1.735	-0.8481746742318974	587.4790401641436	0	0.277540796345616	0
1.74	-0.8458016081892085	587.4866657144969	0	0.2775104458681084	0
1.745	-0.8454634841268626	587.4824800593423	0	0.2774824404229883	0
1.75	-0.8469350368924509	587.470316092152	0	0.2774565952636754	0
1.755	-0.8499814935918963	587.4548027422754	0	0.2774327405151661	0
1.76	-0.85432892582122	587.4412307512886	0	0.2774107533427665	0
1.765	-0.8596268345514625	587.4347714076241	0	0.2773905543152285	0
1.77	-0.8654713319182987	587.4392175032309	0	0.2773721076364325	0
1.775	-0.871519845702405	587.4558836744245	0	0.2773554353543831	0
1.78	-0.8776174412284151	587.4829808521575	0	0.2773406250562661	0
1.785	-0.8838393137042116	587.5156675070441	0	0.2773278190902735	0
1.79	-0.8905096190845985	587.5465371675982	0	0.2773171887792522	0
1.795	-0.8981747245373659	587.5666184977403	0	0.2773088937985985	0
1.8	-0.9074473212440423	587.5674853136668	0	0.2773030294761737	0
1.805	-0.9188227792789754	587.5434870381461	0	0.2772995792368338	0
1.81	-0.9325402637923222	587.4923097378323	0	0.2772983914519144	0
1.815	-0.9484935897579795	587.4142007698108	0	0.2772991944468981	0
1.82	-0.9662632254554234	587.31155348033	0	0.2773016348197437	0
1.825	-0.9851957277775477	587.1889794973657	0	0.2773053048840682	0
1.83	-1.004386324549005	587.0525518033957	0	0.2773097648051407	0
1.835	-1.022687158842532	586.9081437196037	0	0.2773145764629745	0
1.84	-1.038833423036598	586.7602078019578	0	0.2773193361783918	0
1.845	-1.051536599022075	586.6116671234124	0	0.2773236977587284	0
1.85	-1.059573889543326	586.4646749341749	0	0.2773273785492768	0
1.855	-1.061984966153988	586.3217585843072	0	0.2773301426158039	0
1.86	-1.058241044762126	586.1866174846228	0	0.277331780971907	0
1.865	-1.048241613381308	586.064133595494	0	0.277332101846615	0
1.87	-1.032193226852257	585.9598161989935	0	0.2773309247230989	0
1.875	-1.010527760582344	585.8791066793806	0	0.2773280894045739	0
1.88	-0.983859697746749	585.8266318703151	0	0.277323487952306	0
1.885	-0.9528761180224042	585.8052444611565	0	0.2773170885700612	0
1.89	-0.9182297382355887	585.8153207622726	0	0.2773089348550662	0
1.895	-0.88050541063046	585.8549219958735	0	0.277299148587568	0
1.9	-0.8402648830503779	585.9203125898026	0	0.2772879473937543	0
1.905	-0.7981820590081622	586.0063901910289	0	0.2772756510840843	0
1.91	-0.755094881542835	586.1074749094571	0	0.2772626586711973	0
1.915	-0.7118961087173693	586.2184493394361	0	0.2772494116863599	0
1.92	-0.6694963425238328	586.3352371226151	0	0.2772363715698077	0
1.925	-0.6289065124405081	586.4539455546781	0	0.2772240135779465	0
1.93	-0.5912191668212065	586.5701755727501	0	0.2772128137600366	0
1.935	-0.5574680768810578	586.6802059354681	0	0.2772032241521273	0
1.94	-0.5285389564183806	586.7825697240683	0	0.2771956603147686	0
1.945	-0.5051638650060456	586.8779507071553	0	0.2771905038972981	0
1.95	-0.4879659025102277	586.9680384639887	0	0.2771881020101882	0
1.955	-0.4775428048055629	587.0545972130267	0	0.2771887606498524	0
1.96	-0.4744742033122946	587.1387835403127	0	0.2771927360370569	0
1.965	-0.4792192475764064	587.2207030944284	0	0.2772002359087806	0
1.97	-0.4920270019192036	587.2996161302364	0	0.2772114354537393	0
1.975	-0.5128801791446523	587.3746649780612	0	0.2772264849517289	0
1.98	-0.5414649871073098	587.4452479611789	0	0.2772454999942296	0
1.985	-0.577248656190647	587.5107092476421	0	0.277268545157417	0
1.99	-0.6196361283545485	587.5698942526985	0	0.2772956105697204	0
1.995	-0.6680821658631462	587.6208293575941	0	0.2773265790431396	0
2	-0.7220792189340948	587.6607457272794	0	0.2773612005345933	0
2.005	-0.7810389268898356	587.6865864675379	0	0.2773990934789731	0
2.01	-0.8442342800780624	587.6955123887034	0	0.2774397649715717	0
2.015	-0.9108719157776711	587.6853022656006	0	0.2774826335062009	0
2.02	-0.9801422769464401	587.6546261306255	0	0.2775270537335279	0
2.025	-1.051185238084524	587.6031229455372	0	0.277572344057416	0
2.03	-1.123049309865985	587.5318365860804	0	0.2776178102931299	0
2.035	-1.194686977386154	587.443676391719	0	0.2776627584066897	0
2.04	-1.264977226943379	587.3429290686412	0	0.2777065073870987	0
2.045	-1.332749803947951	587.2341792258248	0	0.277748414840217	0
2.05	-1.396808552831756	587.1215750915965	0	0.2777878959401529	0
2.055	-1.455967855440324	587.0085338660272	0	0.2778244177491184	0
2.06	-1.509131006580231	586.8976454093098	0	0.2778574869422741	0
2.065	-1.555371196717625	586.791250420655	0	0.2778866591264151	0
2.07	-1.593901630827024	586.6924651441129	0	0.2779115688215441	0
2.075	-1.623985284998926	586.6051256636575	0	0.2779319512844263	0
2.08	-1.644944568109956	586.5328356415755	0	0.277947649652204	0
2.085	-1.656311156273276	586.4785564748629	0	0.277958622607078	0
2.09	-1.657963519384511	586.4446326335384	0	0.2779649450052284	0
2.095	-1.650098444851856	586.4327285876402	0	0.2779667946822517	0
2.1	-1.633185681056913	586.4436996399149	0	0.2779644425967909	0
2.105	-1.608031299675325	586.4773841266217	0	0.277958254473391	0
2.11	-1.575775862091919	586.5326073847277	0	0.277948689920516	0
2.115	-1.537763302898028	586.6073985852693	0	0.2779362876530932	0
2.12	-1.495401875590231	586.6989227334103	0	0.2779216458068428	0
2.125	-1.45007748553502	586.8033098917285	0	0.2779054044101228	0
2.13	-1.403096565936462	586.9159499064124	0	0.2778882229070378	0
2.135	-1.355629017635709	587.0321132743203	0	0.2778707538458793	0
2.14	-1.308697284917696	587.147342449299	0	0.2778536175490794	0
2.145	-1.26318368132834	587.2576476977366	0	0.2778373747238442	0
2.15	-1.219791034398354	587.3595830003982	0	0.2778225089147913	0
2.155	-1.179092730115932	587.4498953175205	0	0.2778094452567309	0
2.16	-1.141682985327846	587.5253186736422	0	0.2777985877314262	0
2.165	-1.108223837653086	587.5831262642714	0	0.2777903172997441	0
2.17	-1.079385806326346	587.6217504784178	0	0.2777849504740444	0
2.175	-1.055760602169989	587.6408179542168	0	0.2777827117651904	0
2.18	-1.03777262119792	587.6407375282103	0	0.2777837346158725	0
2.185	-1.025704946735078	587.622305528591	0	0.277788067852384	0
2.19	-1.019785003228088	587.5867865579394	0	0.2777956861241816	0
2.195	-1.020135400503849	587.5361293807003	0	0.2778065134510692	0
2.2	-1.02667880879132	587.4726808797086	0	0.2778204332770531	0
2.205	-1.039182069142875	587.3986772290699	0	0.2778372629853025	0
2.21	-1.057349956392007	587.315997745825	0	0.2778567292138668	0
2.215	-1.080783630031924	587.2262915046896	0	0.2778784734740358	0
2.22	-1.108872663008942	587.1312949831408	0	0.2779020664702146	0
2.225	-1.140831001045459	587.0328658769694	0	0.2779270131595276	0
2.23	-1.17583505072726	586.9328037291714	0	0.2779527629436406	0
2.235	-1.213067382577922	586.833156488316	0	0.2779787421176424	0
2.24	-1.251692785204281	586.7370413314397	0	0.2780043929300536	0
2.245	-1.290882195865789	586.6488311967927	0	0.278029198108566	0
2.25	-1.329837086459746	586.5730956267164	0	0.2780526978472521	0
2.255	-1.367788990643568	586.5133980653842	0	0.2780744992915498	0
2.26	-1.404044221139465	586.4719677656656	0	0.2780942729320623	0
2.265	-1.438047727865017	586.4499266593383	0	0.2781117535029694	0
2.27	-1.469359308605849	586.4473411204216	0	0.2781267520562181	0
2.275	-1.497500770984048	586.4631753988878	0	0.2781391576101758	0
2.28	-1.521794572528202	586.4955654868706	0	0.2781489242407553	0
2.285	-1.541411765816156	586.5418729946584	0	0.2781560637555708	0
2.29	-1.555640370587955	586.5984058627816	0	0.2781606495414848	0
2.295	-1.564125832210269	586.6606259315303	0	0.2781628143187563	0
2.3	-1.566945671650838	586.7238737206542	0	0.2781627215842445	0
2.305	-1.564579364654581	586.7842205079089	0	0.2781605277410107	0
2.31	-1.557781189945756	586.8390153953487	0	0.2781563726885178	0
2.315	-1.547375989991354	586.8868211358764	0	0.2781503922993463	0
2.32	-1.534129124140183	586.9274724559415	0	0.2781427218274241	0
2.325	-1.518738735616852	586.9626841914869	0	0.2781334910054586	0
2.33	-1.501851044552092	586.9962009444478	0	0.2781228331013287	0
2.335	-1.484050377112065	587.032722762418	0	0.2781109008105268	0
2.34	-1.465842132430255	587.0760456325762	0	0.2780978674804309	0
2.345	-1.447670237335857	587.1275183509798	0	0.2780839247890416	0
2.35	-1.429966379174491	587.1856725610378	0	0.278069278716652	0
2.355	-1.413169172101846	587.246682894511	0	0.2780541321176993	0
2.36	-1.397696584367081	587.3047853739101	0	0.2780386730715231	0
2.365	-1.383899040707465	587.3525968667508	0	0.2780230684897006	0
2.37	-1.372042355297839	587.3820486515384	0	0.2780074405165108	0
2.375	-1.362311256238202	587.3861119786253	0	0.2779918410860416	0
2.38	-1.354766147266581	587.3604067327791	0	0.2779762474372923	0
2.385	-1.349274855933351	587.3041527553684	0	0.2779605754949946	0
2.39	-1.34544138600193	587.2204919796699	0	0.2779447029168586	0
2.395	-1.342599435922517	587.1155994588192	0	0.2779284993130187	0
2.4	-1.339991421628342	586.9966887088079	0	0.2779118548408039	0
2.405	-1.336972826904949	586.8704646577343	0	0.2778947029270066	0
2.41	-1.333029917398402	586.7427311138248	0	0.2778770433246143	0
2.415	-1.327717282696771	586.6183510017123	0	0.2778589520211048	0
2.42	-1.320674140006776	586.5010958798928	0	0.2778405696012711	0
2.425	-1.311721820887177	586.3938086547148	0	0.2778220763083603	0
2.43	-1.300931893897159	586.2988528717326	0	0.2778036501505791	0
2.435	-1.288577007280653	586.2181553679275	0	0.2777854358398421	0
2.44	-1.27503920916413	586.1530311285029	0	0.2777675597666708	0
2.445	-1.260726072172837	586.1044479631291	0	0.2777501581966949	0
2.45	-1.24595544745109	586.0733454823558	0	0.2777333775362807	0
2.455	-1.230874082141195	586.0604961166489	0	0.2777173528574338	0
2.46	-1.215482737767104	586.0661931270791	0	0.2777021916961299	0
2.465	-1.199744751756844	586.0900952974217	0	0.2776879852729463	0
2.47	-1.183689354641078	586.1312276585834	0	0.2776748300914313	0
2.475	-1.167427892092823	586.1881429176009	0	0.2776628240373298	0
2.48	-1.151163856331555	586.2590815041414	0	0.2776520410302899	0
2.485	-1.135240641743826	586.3420132784905	0	0.2776425075072704	0
2.49	-1.12006245266548	586.4347852921779	0	0.2776341922820031	0
2.495	-1.105886712202689	586.5351391253689	0	0.2776270207208852	0
2.5	-1.092753355894251	586.6405281700661	0	0.2776209087849207	0
2.505	-1.080601950710979	586.7484222952423	0	0.2776157910707923	0
2.51	-1.069354307335074	586.857034673004	0	0.2776116312184599	0
2.515	-1.058933232963053	586.9654407787212	0	0.2776084199727136	0
2.52	-1.049291944212597	587.0725173523679	0	0.2776061580999583	0
2.525	-1.04040225952859	587.1757172680705	0	0.2776048336576848	0
2.53	-1.032245793018901	587.2711152443928	0	0.2776044243977655	0
2.535	-1.024867384747626	587.3545330645692	0	0.277604924744666	0
2.54	-1.018453788893393	587.422639751504	0	0.2776063646401165	0
2.545	-1.013349130048354	587.473217263051	0	0.2776088128553525	0
2.55	-1.009895232712886	587.5047002590654	0	0.2776123690659281	0
2.555	-1.008272387572195	587.5159709741312	0	0.2776171329827525	0
2.56	-1.008553568860621	587.5066718085155	0	0.2776231659888704	0
2.565	-1.010778800926723	587.477499022564	0	0.27763047868276	0
2.57	-1.01489430781876	587.4302701080651	0	0.2776390408457189	0
2.575	-1.020741816196908	587.3676742177129	0	0.2776487922657288	0
2.58	-1.028216435842485	587.2927761732177	0	0.2776596442782241	0
2.585	-1.03737819190137	587.2088434265983	0	0.2776714773222743	0
2.59	-1.048376322867096	587.1193909920927	0	0.2776841464058428	0
2.595	-1.061371681682332	587.027958921298	0	0.277697489609558	0
2.6	-1.076508833181079	586.9381827145111	0	0.2777113312426426	0
2.605	-1.093833327573023	586.8540453034763	0	0.2777254899274729	0
2.61	-1.113205840087943	586.7792766030939	0	0.2777397969528594	0
2.615	-1.134287245418899	586.7162923622637	0	0.2777541096813836	0
2.62	-1.156631761517974	586.6657374800278	0	0.2777683172855211	0
2.625	-1.179852740770735	586.6268686017228	0	0.2777823484150941	0
2.63	-1.203692954510138	586.5981848377819	0	0.2777961745741236	0
2.635	-1.22792659336015	586.577766043283	0	0.2778098103428429	0
2.64	-1.252257180549671	586.5638296141849	0	0.2778233145511926	0
2.645	-1.276398828832048	586.5556840353352	0	0.277836779626525	0
2.65	-1.300247127935893	586.554000134052	0	0.2778503103338198	0
2.655	-1.323903274759182	586.5600293510164	0	0.2778640071748261	0
2.66	-1.347549956273917	586.5748155331574	0	0.2778779546905545	0
2.665	-1.371304815783028	586.5989792147681	0	0.2778922019873127	0
2.67	-1.395089578929768	586.6327719545092	0	0.2779067487288018	0
2.675	-1.418558557292956	586.676310790915	0	0.2779215623288599	0
2.68	-1.441145755162216	586.7295721623493	0	0.2779366022666638	0
2.685	-1.462195661945265	586.7917688823552	0	0.2779518238982775	0
2.69	-1.481061498807539	586.8609099238822	0	0.2779671794006435	0
2.695	-1.497151557382943	586.9339704106847	0	0.2779826193470283	0
2.7	-1.510030708056997	587.0072652540274	0	0.2779980808638353	0
2.705	-1.519535803520385	587.0769618239125	0	0.2780134727298288	0
2.71	-1.525752254201307	587.1395907610063	0	0.2780286711627833	0
2.715	-1.528911821235413	587.1923319340066	0	0.2780435271327785	0
2.72	-1.529329007807977	587.2332263296454	0	0.2780578790132407	0
2.725	-1.527337900876338	587.2612499348614	0	0.2780715637422658	0
2.73	-1.523221321238728	587.2759694826419	0	0.2780844381006328	0
2.735	-1.517160556566385	587.277207037567	0	0.2780964168214342	0
2.74	-1.509240791199334	587.2651379779122	0	0.2781074957712372	0
2.745	-1.499592934009486	587.2405312095516	0	0.2781177357770451	0
2.75	-1.488523057151589	587.2052976297804	0	0.2781272330531236	0
2.755	-1.476398442443695	587.1628788636144	0	0.2781361008481537	0
2.76	-1.46347467058469	587.1173276136728	0	0.2781444575174186	0
2.765	-1.449899171022376	587.072060625535	0	0.2781524292277272	0
2.77	-1.435755444833866	587.0296842125846	0	0.2781601650224291	0
2.775	-1.421073342890326	586.9923243730901	0	0.278167833452705	0
2.78	-1.405902262086905	586.9617695898343	0	0.278175605607597	0
2.785	-1.390402213804459	586.9394924606687	0	0.2781836566390191	0
2.79	-1.374862772327409	586.9262863444129	0	0.2781921757874376	0
2.795	-1.359649302656427	586.9215098958156	0	0.2782013436423637	0
2.8	-1.345156545942389	586.9229828715445	0	0.2782112858638834	0
2.805	-1.331826430203898	586.9278280397067	0	0.2782220583539993	0
2.81	-1.320146684140364	586.9333510607011	0	0.2782336684763518	0
2.815	-1.310591590838736	586.937601616559	0	0.278246100676714	0
2.82	-1.30359903951914	586.9396328306923	0	0.2782593330299359	0
2.825	-1.299603706749099	586.9393047137514	0	0.2782733354895503	0
2.83	-1.299012891212821	586.9369761999524	0	0.2782880588507059	0
2.835	-1.302070705777876	586.9333811822647	0	0.2783034305010463	0
2.84	-1.308741771765472	586.9294342469082	0	0.2783193473640401	0
2.845	-1.318724528933545	586.9260031359129	0	0.2783356588821956	0
2.85	-1.331535587929433	586.9237664180787	0	0.2783521568833509	0
2.855	-1.346599791902943	586.9231081349933	0	0.278368590949126	0
2.86	-1.363295747185093	586.9241309578348	0	0.2783846969514958	0
2.865	-1.380959866971686	586.9265759912511	0	0.2784002118485124	0
2.87	-1.398919640397968	586.9295628337715	0	0.2784148834766146	0
2.875	-1.416507547769858	586.9315300655572	0	0.2784284941639356	0
2.88	-1.433065631967058	586.9305515335708	0	0.2784408859688774	0
2.885	-1.448054972759066	586.9249126778069	0	0.2784519730203234	0
2.89	-1.461177312741382	586.913582676092	0	0.27846173718232	0
2.895	-1.472363668218349	586.8963017387085	0	0.278470209017676	0
2.9	-1.481683412002158	586.8736679847626	0	0.278477441482301	0
2.905	-1.489285375367511	586.8476005541696	0	0.2784834881465215	0
2.91	-1.495370983224307	586.8217524637646	0	0.2784884015118235	0
2.915	-1.500132290698044	586.8012722210691	0	0.2784922432704211	0
2.92	-1.503653597150402	586.7919726603615	0	0.2784950955729075	0
2.925	-1.505834985981296	586.7990801001184	0	0.2784970809163037	0
2.93	-1.506419661531244	586.8256497562451	0	0.2784983730045748	0
2.935	-1.505177011112366	586.8714522493742	0	0.2784991797383859	0
2.94	-1.502115284966979	586.9329834202042	0	0.2784997199002143	0
2.945	-1.49756918388515	587.0042644521865	0	0.2785002060549485	0
2.95	-1.492169702773969	587.0780796369859	0	0.2785008195447037	0
2.955	-1.486716744883236	587.1473155216008	0	0.2785016842579816	0
2.96	-1.48202686943066	587.2057358999917	0	0.2785028552006371	0
2.965	-1.478856366827309	587.2480734167229	0	0.278504315128384	0
2.97	-1.477812517971271	587.2699047741851	0	0.2785059703231522	0
2.975	-1.479211963414915	587.2677279900322	0	0.2785076492076995	0
2.98	-1.48302496797491	587.2395247908171	0	0.2785091114808307	0
2.985	-1.488911974221913	587.1854541193242	0	0.2785100753655164	0
2.99	-1.496241933077467	587.1078930777487	0	0.2785102618039837	0
2.995	-1.504160865929759	587.0108242525032	0	0.2785094402862718	0
3	-1.511779502805293	586.8991841468725	0	0.2785074581381773	0
3.005	-1.518320493337331	586.7781888738103	0	0.2785042377968866	0
3.01	-1.523155546854918	586.6527271821801	0	0.2784997486269082	0
3.015	-1.525832630366877	586.5274110336203	0	0.2784939872016728	0
3.02	-1.526074661675921	586.4067446508795	0	0.278486975497073	0
3.025	-1.523723250095865	586.294790502104	0	0.2784787512267444	0
3.03	-1.518710222067045	586.1948439033184	0	0.2784693490319797	0
3.035	-1.511034432875636	586.1092553603332	0	0.2784588014363051	0
3.04	-1.500699350127571	586.0395865053908	0	0.2784471571104505	0
3.045	-1.487671720104774	585.9872054034681	0	0.2784344940960123	0
3.05	-1.471869231408418	585.9535105971268	0	0.2784209309602387	0
3.055	-1.453169152139351	585.9398579075782	0	0.2784066355367946	0
3.06	-1.431483012056237	585.9475993265449	0	0.2783918187393813	0
3.065	-1.406891279830501	585.9778465801828	0	0.2783767143206978	0
3.07	-1.379741453368611	586.0312430946086	0	0.2783615586112025	0
3.075	-1.350619838927205	586.1078201185279	0	0.2783465857892373	0
3.08	-1.32025507602276	586.2063043609398	0	0.2783320399915707	0
3.085	-1.289446171929267	586.323675902374	0	0.2783181938726743	0
3.09	-1.258973791707925	586.4559520042686	0	0.2783053572635585	0
3.095	-1.229499074782398	586.5990854925309	0	0.2782938567908647	0
3.1	-1.201587071133906	586.7488709595088	0	0.2782840006250978	0
3.105	-1.175857871319911	586.9005583953066	0	0.2782760660068544	0
3.11	-1.153076861141262	587.0490886869013	0	0.2782703051600884	0
3.115	-1.134092985307296	587.189694721643	0	0.2782669409682283	0
3.12	-1.119725681582664	587.3182332884796	0	0.2782661530629986	0
3.125	-1.11071359324742	587.4313644658863	0	0.2782680623644207	0
3.13	-1.107682581051264	587.5269440198213	0	0.2782727123467164	0
3.135	-1.111063562450181	587.6042754534117	0	0.2782800475682028	0
3.14	-1.121047362968322	587.6637323280742	0	0.2782898957469294	0
3.145	-1.137552037706794	587.7060501465828	0	0.2783019782957132	0
3.15	-1.160119255311105	587.7319176109788	0	0.2783159546910414	0
3.155	-1.187910196612445	587.7418224583076	0	0.2783314545422994	0
3.16	-1.219870711424944	587.735769611887	0	0.2783480843646345	0
3.165	-1.254915123074032	587.7134544156836	0	0.2783654466720581	0
3.17	-1.292066795253919	587.6751846920943	0	0.2783831671221889	0
3.175	-1.330515566496532	587.6222955324155	0	0.2784009046961647	0
3.18	-1.369582072026733	587.5568008893169	0	0.2784183554765186	0
3.185	-1.408690030732719	587.481361369801	0	0.2784352556933887	0
3.19	-1.447343019202938	587.3993856749803	0	0.2784513783860469	0
3.195	-1.485027082430365	587.3144074998237	0	0.2784665325794202	0
3.2	-1.521130686110304	587.2290920934327	0	0.2784805641528726	0
3.205	-1.554981205546519	587.1448968103293	0	0.2784933533359138	0
3.21	-1.585934133273468	587.0624919106892	0	0.2785048152761386	0
3.215	-1.613495519311609	586.9822181035757	0	0.2785148964744855	0
3.22	-1.63742858338849	586.9043658936047	0	0.278523563178371	0
3.225	-1.657721277018386	586.8296075748963	0	0.2785307926531727	0
3.23	-1.674520596910377	586.7596608548442	0	0.2785365628601985	0
3.235	-1.688115714417122	586.6978001882715	0	0.278540834588033	0
3.24	-1.698865379395605	586.6485316429266	0	0.2785435425424885	0
3.245	-1.707134835534888	586.6162384026624	0	0.2785446106591347	0
3.25	-1.713299016616989	586.6037718403686	0	0.278543983181433	0
3.255	-1.717713046757869	586.6118844088434	0	0.2785416499307852	0
3.26	-1.72067852671862	586.6391100621721	0	0.2785376462961299	0
3.265	-1.722456446516943	586.6817510527515	0	0.2785320304853319	0
3.27	-1.723236024049324	586.7345679966403	0	0.2785248593874042	0
3.275	-1.723028358795104	586.7920725234158	0	0.278516178360486	0
3.28	-1.72163201918149	586.849325263598	0	0.2785060287958545	0
3.285	-1.718752007981217	586.9020677721983	0	0.2784944565600962	0
3.29	-1.714132800793831	586.94702070223	0	0.2784815061529884	0
3.295	-1.707632837112994	586.9823795151042	0	0.278467208393509	0
3.3	-1.699270957975282	587.0077365494026	0	0.2784515666747472	0
3.305	-1.68918640302344	587.0236947027049	0	0.2784345436422133	0
3.31	-1.677557040066098	587.0318447460977	0	0.2784160554014871	0
3.315	-1.664592964017754	587.0345142171244	0	0.2783959856033923	0
3.32	-1.650544708647905	587.0339016625805	0	0.2783742199518234	0
3.325	-1.63563712841075	587.0312538163778	0	0.2783506711166946	0
3.33	-1.619965140941925	587.0267421408997	0	0.2783252802343458	0
3.335	-1.60346006374797	587.0201957319733	0	0.2782980256873525	0
3.34	-1.585962903963536	587.011848393839	0	0.2782689536311713	0
3.345	-1.567302563799274	587.0022211429614	0	0.2782381905006536	0
3.35	-1.547343536904397	586.9915168074249	0	0.2782059108358497	0
3.355	-1.526084611039167	586.9792340633971	0	0.2781723048507493	0
3.36	-1.503785491108169	586.9643343557468	0	0.2781375821558638	0
3.365	-1.480950585289535	586.9459672651122	0	0.2781019826352694	0
3.37	-1.458124863725925	586.9244673661976	0	0.2780657784558211	0
3.375	-1.435722633153919	586.9019959574673	0	0.278029274936555	0
3.38	-1.414035456483297	586.8819848950986	0	0.2779927971921266	0
3.385	-1.393267955794383	586.8678293651956	0	0.2779566663248996	0
3.39	-1.373473294640227	586.8618973158719	0	0.2779211870946859	0
3.395	-1.354498743898277	586.8649588444216	0	0.2778866497862936	0
3.4	-1.336081305748214	586.8763544599591	0	0.2778533387066571	0
3.405	-1.31803535747491	586.8948121729337	0	0.2778215375362859	0
3.41	-1.300364368849841	586.9189539506096	0	0.2777915242728199	0
3.415	-1.283289073607125	586.9474584397343	0	0.2777635582009673	0
3.42	-1.267213160597093	586.9791815755498	0	0.277737861456953	0
3.425	-1.252544633674254	587.0131180674824	0	0.2777146018670056	0
3.43	-1.23946774610034	587.0483372774822	0	0.2776938907483181	0
3.435	-1.227871215197019	587.083900448612	0	0.2776757904754676	0
3.44	-1.217513911903988	587.1186836745507	0	0.2776603171325595	0
3.445	-1.208294579206323	587.1514088154346	0	0.2776474425460471	0
3.45	-1.200336184744198	587.1808496659596	0	0.277637096841478	0
