0	-8.633772461899239	13.40572557771955	0	-0.123302322333759	0
0.005	-8.630622023273784	13.42479951480615	0	-0.1239923366870503	0
0.01	-8.627646424196126	13.44329011619628	0	-0.124676204180766	0
0.015	-8.624832999032613	13.46056094287264	0	-0.1253357428091173	0
0.02	-8.622166349282921	13.47616807869342	0	-0.125957772771253	0
0.025	-8.619629148370969	13.48987222290138	0	-0.126534474330604	0
0.03	-8.617205899165793	13.50158780906505	0	-0.1270620255415294	0
0.035	-8.614882875459989	13.5113250128845	0	-0.1275390297720427	0
0.04	-8.612646020589443	13.51920457401933	0	-0.127966083656724	0
0.045	-8.610486267381882	13.52551013910429	0	-0.1283460924896445	0
0.05	-8.608403828641457	13.53063078555375	0	-0.1286833934499349	0
0.055	-8.606402981929461	13.53492501149659	0	-0.1289819360171556	0
0.06	-8.604496250158972	13.53866545135917	0	-0.1292447440232313	0
0.065	-8.602717942076254	13.54204831959337	0	-0.1294745001346694	0
0.07000000000000001	-8.601120581845219	13.545203001527	0	-0.1296739758821901	0
0.075	-8.599759017212079	13.54823712523921	0	-0.1298465575925958	0
0.08	-8.598676358669726	13.55127356792078	0	-0.1299963750704126	0
0.08500000000000001	-8.597888813796128	13.55439211193502	0	-0.1301269395189139	0
0.09	-8.597384533233113	13.55755159857231	0	-0.1302397203790182	0
0.095	-8.597142146413152	13.56059985259588	0	-0.130334369777573	0
0.1	-8.597143418119936	13.56331141145289	0	-0.1304094336778336	0
0.105	-8.597374345473295	13.56538167074894	0	-0.1304624207491974	0
0.11	-8.597828934378377	13.56647684896946	0	-0.1304905607306791	0
0.115	-8.598510972862773	13.56639134992189	0	-0.1304927655488043	0
0.12	-8.599425230972829	13.56511836174981	0	-0.1304703932482127	0
0.125	-8.600566546294122	13.56272688325157	0	-0.1304256865953769	0
0.13	-8.601909699680533	13.55923562780329	0	-0.1303602102366306	0
0.135	-8.603403931412258	13.55464648514937	0	-0.1302751849718044	0
0.14	-8.60498914280809	13.54906236674429	0	-0.1301728887099505	0
0.145	-8.606620522826214	13.5427303974256	0	-0.1300573000179159	0
0.15	-8.608273195952327	13.53598200959087	0	-0.1299334579558507	0
0.155	-8.609932605409757	13.52917729201785	0	-0.1298066810157564	0
0.16	-8.611585805415723	13.52268969467236	0	-0.129682305167529	0
0.165	-8.613220315473844	13.51684730154695	0	-0.1295650113156449	0
0.17	-8.614829656280053	13.51185399842718	0	-0.12945789403821	0
0.175	-8.616413271988147	13.50779361319611	0	-0.1293625353120388	0
0.18	-8.617975485359958	13.50466945189096	0	-0.1292796048358144	0
0.185	-8.61953194513347	13.50242370896059	0	-0.1292094088842039	0
0.19	-8.621101862798175	13.50098788850265	0	-0.1291527363831553	0
0.195	-8.622689949817753	13.5003399877226	0	-0.1291112510935259	0
0.2	-8.624291166481406	13.50048930888121	0	-0.1290867146039528	0
0.205	-8.625906767546878	13.50141698618364	0	-0.1290800377852954	0
0.21	-8.627548910806604	13.50306774393645	0	-0.1290913547880154	0
0.215	-8.629236790821114	13.50541278269807	0	-0.1291207772704589	0
0.22	-8.630983319782882	13.50849603589049	0	-0.1291685659591012	0
0.225	-8.63277503293258	13.51239246266601	0	-0.1292344314303033	0
0.23	-8.634560392053318	13.51712649212573	0	-0.1293168400686248	0
0.235	-8.636260871597402	13.52265367030807	0	-0.1294132309736614	0
0.24	-8.637801064729413	13.52892920076513	0	-0.1295212785130116	0
0.245	-8.639134096129272	13.5359681270947	0	-0.1296399398020343	0
0.25	-8.640249177613988	13.54380138822388	0	-0.1297688388289114	0
0.255	-8.641167976765198	13.55236326623024	0	-0.1299065492963739	0
0.26	-8.641934434967249	13.56146979221465	0	-0.1300501617086801	0
0.265	-8.642598949593475	13.57093599760698	0	-0.1301966648736365	0
0.27	-8.643200751448056	13.58064446759441	0	-0.1303436021860993	0
0.275	-8.643748428970888	13.59048198927248	0	-0.1304884138774137	0
0.28	-8.644211837059304	13.60027689738953	0	-0.1306283050834728	0
0.285	-8.644547323305215	13.60979298693339	0	-0.1307605352240789	0
0.29	-8.644732655027701	13.61876290805809	0	-0.1308824209640941	0
0.295	-8.644769787029064	13.62694865435613	0	-0.1309914691389067	0
0.3	-8.644668557199788	13.63416658536261	0	-0.1310856823598396	0
0.305	-8.644441699511882	13.6402778955892	0	-0.1311641108312539	0
0.31	-8.644100088165246	13.6452075915725	0	-0.1312274768524856	0
0.315	-8.643637906303642	13.64896364611199	0	-0.1312778129549248	0
0.32	-8.643033094948025	13.65159733823081	0	-0.1313170175756745	0
0.325	-8.642270473502711	13.65314487388773	0	-0.1313457270906764	0
0.33	-8.641359134215215	13.65363757736508	0	-0.1313637675777133	0
0.335	-8.640331881231857	13.65316081808714	0	-0.1313715996230082	0
0.34	-8.639240061846793	13.6518698349094	0	-0.1313710176047621	0
0.345	-8.638145710015346	13.64995783567661	0	-0.1313646279222146	0
0.35	-8.63710147097061	13.64764015276253	0	-0.1313550624309847	0
0.355	-8.636132414263669	13.6451789408757	0	-0.1313448587581085	0
0.36	-8.63524523840397	13.64287692979865	0	-0.1313364782044696	0
0.365	-8.634457271274378	13.64100392551294	0	-0.1313318116415381	0
0.37	-8.63380548655166	13.63975475033489	0	-0.1313320936565437	0
0.375	-8.633319477842551	13.63925417769036	0	-0.1313381582286575	0
0.38	-8.632995355381412	13.6395058880949	0	-0.1313496458666259	0
0.385	-8.632796077403585	13.64033349372272	0	-0.131364044527052	0
0.39	-8.632659236204013	13.64146044608252	0	-0.1313777790562226	0
0.395	-8.632507637761989	13.64265704700696	0	-0.1313882465433841	0
0.4	-8.632273184694233	13.64377182403343	0	-0.1313939851788485	0
0.405	-8.631916987578176	13.64467517948708	0	-0.1313935604907174	0
0.41	-8.631427645802603	13.64525046719901	0	-0.1313855296746499	0
0.415	-8.630807248226542	13.64544862286149	0	-0.1313693895165244	0
0.42	-8.630063193658163	13.64533134343679	0	-0.1313458884041257	0
0.425	-8.629212413004602	13.64503150956617	0	-0.1313162339249323	0
0.43	-8.628286561011912	13.64464619768103	0	-0.1312809454123186	0
0.435	-8.62732872337725	13.64417315856034	0	-0.1312394261149134	0
0.44	-8.626394921358292	13.64353484650123	0	-0.1311905536147086	0
0.445	-8.62556038922984	13.64262249976035	0	-0.1311334145007439	0
0.45	-8.624907812922178	13.64133613482058	0	-0.1310677835110675	0
0.455	-8.624507921275553	13.63963262392895	0	-0.1309946095660604	0
0.46	-8.624416148461311	13.63752659243656	0	-0.1309158881392208	0
0.465	-8.624672972937727	13.63503611541743	0	-0.13083380959565	0
0.47	-8.625295482159459	13.63217626212485	0	-0.1307505788464388	0
0.475	-8.626273442713076	13.6290163132327	0	-0.1306689931405767	0
0.48	-8.627578464391849	13.6256935403565	0	-0.1305922897513178	0
0.485	-8.629172938877161	13.62235967561046	0	-0.1305231181922326	0
0.49	-8.631010145063385	13.61912736816315	0	-0.13046270949169	0
0.495	-8.633034095201973	13.6160524578506	0	-0.1304107525734584	0
0.5	-8.635181135287288	13.61316428874398	0	-0.1303660205190336	0
0.505	-8.637384262825105	13.61050410281252	0	-0.1303271946298965	0
0.51	-8.639583945504935	13.60809537189051	0	-0.1302929292681256	0
0.515	-8.641733225780925	13.60586592581255	0	-0.1302611877870021	0
0.52	-8.643785847883711	13.60360978868376	0	-0.1302285890544581	0
0.525	-8.645685396484284	13.60103269661784	0	-0.1301906199837096	0
0.53	-8.647376250370131	13.59786941140477	0	-0.1301432544444381	0
0.535	-8.648817493537237	13.59400516571984	0	-0.1300848268748911	0
0.54	-8.649979029090128	13.58950181409819	0	-0.1300162885912877	0
0.545	-8.650835009225572	13.58452885867433	0	-0.1299399855169765	0
0.55	-8.651369705183386	13.57932288750906	0	-0.1298590324249725	0
0.555	-8.651592068309213	13.5742150365707	0	-0.1297780381920951	0
0.5600000000000001	-8.651542931605539	13.56962255858135	0	-0.129703343802901	0
0.5650000000000001	-8.65127973051599	13.56596065739965	0	-0.1296416055309425	0
0.5700000000000001	-8.650848178321597	13.56354607290946	0	-0.12959802133968	0
0.5750000000000001	-8.650269196465844	13.56254764194254	0	-0.1295756117945971	0
0.58	-8.649555232014688	13.56296795406572	0	-0.1295753015584365	0
0.585	-8.648735158421902	13.56464851511326	0	-0.1295962919992605	0
0.59	-8.647854698629956	13.5673417796842	0	-0.1296369712531131	0
0.595	-8.646953369148845	13.57080158035618	0	-0.1296955425759023	0
0.6	-8.646050078978396	13.574784794434	0	-0.1297693476799694	0
0.605	-8.645150471885428	13.57902079789972	0	-0.1298542980994887	0
0.61	-8.644256952336036	13.58324855155558	0	-0.1299457826332461	0
0.615	-8.643364417803589	13.58727343397874	0	-0.1300398478658328	0
0.62	-8.642454156001969	13.59099611319647	0	-0.1301336719283936	0
0.625	-8.641507696495081	13.59442577283224	0	-0.1302257791097389	0
0.63	-8.640524430407105	13.59763381673397	0	-0.1303156140421618	0
0.635	-8.639512724454036	13.60064365761741	0	-0.1304020756822015	0
0.64	-8.638472596426427	13.6033683155555	0	-0.1304824921942867	0
0.645	-8.63739830270738	13.60566806358483	0	-0.1305534534516309	0
0.65	-8.636279943576458	13.6074563059011	0	-0.1306124576405773	0
0.655	-8.635091852344058	13.60872187672985	0	-0.1306582536084835	0
0.66	-8.633800994361847	13.60944413350523	0	-0.1306896340326622	0
0.665	-8.632392450616008	13.60950472718477	0	-0.1307043625804346	0
0.67	-8.630871154757152	13.60868329635674	0	-0.1306993951899409	0
0.675	-8.629244715546873	13.60673288120858	0	-0.1306719635821587	0
0.68	-8.627517797934924	13.60347180733813	0	-0.1306204905203295	0
0.6850000000000001	-8.625702770061389	13.59883282364392	0	-0.1305449435489418	0
0.6900000000000001	-8.623830343572143	13.59286984287167	0	-0.1304471294046689	0
0.6950000000000001	-8.621945039169947	13.58576175601771	0	-0.1303309901410887	0
0.7000000000000001	-8.620091278673254	13.5778123707378	0	-0.1302021092375933	0
0.705	-8.618304264608662	13.56939467568614	0	-0.1300661624464394	0
0.71	-8.61661403671585	13.56084833652051	0	-0.1299274369920886	0
0.715	-8.6150579315039	13.55244625300745	0	-0.1297890975409161	0
0.72	-8.613684430035816	13.54444910879746	0	-0.129654563865042	0
0.725	-8.612546551521335	13.53712329211542	0	-0.1295277035731874	0
0.73	-8.611689500051577	13.53070626483544	0	-0.129412076479159	0
0.735	-8.611135336611403	13.52539169064963	0	-0.129310708428216	0
0.74	-8.610884541652972	13.52133836910466	0	-0.1292263060575125	0
0.745	-8.610936299366376	13.51867857133263	0	-0.1291614650524052	0
0.75	-8.61129527731098	13.51750918847373	0	-0.1291185878256687	0
0.755	-8.611956453417307	13.51787337479793	0	-0.1290993819680193	0
0.76	-8.612891678353654	13.5197491233213	0	-0.1291044023320412	0
0.765	-8.614053058498257	13.5230572206681	0	-0.1291332507336364	0
0.77	-8.61538367608642	13.52771204131695	0	-0.1291855593987448	0
0.775	-8.616817747529334	13.53367479234698	0	-0.129261753119585	0
0.78	-8.61827978515781	13.54093390013904	0	-0.1293625804684365	0
0.785	-8.619694110191107	13.54942911901267	0	-0.1294880558968358	0
0.79	-8.620987695627871	13.55901877250975	0	-0.1296371171392947	0
0.795	-8.622090238525967	13.56954139493438	0	-0.1298082812977839	0
0.8	-8.622946605524579	13.58084452292461	0	-0.1299997829192421	0
0.805	-8.623524611636984	13.59269345656286	0	-0.130208259876723	0
0.8100000000000001	-8.623805925311547	13.60475514080685	0	-0.1304285024288757	0
0.8150000000000001	-8.62377523417921	13.61673281872748	0	-0.1306554403946483	0
0.8200000000000001	-8.623424733402953	13.62841283224229	0	-0.1308850344130332	0
0.8250000000000001	-8.622770272535401	13.63957633909567	0	-0.1311129513863988	0
0.8300000000000001	-8.621858281784284	13.64997522483399	0	-0.1313339241155793	0
0.835	-8.620753858240326	13.65939586305862	0	-0.1315427011593856	0
0.84	-8.61952231034663	13.66769960786788	0	-0.131735024927762	0
0.845	-8.618225085561164	13.67483240961936	0	-0.1319080359782467	0
0.85	-8.616926308971951	13.68083883818063	0	-0.1320603217472568	0
0.855	-8.615686128569216	13.68584074052469	0	-0.1321913620692803	0
0.86	-8.614549226147092	13.68993747247601	0	-0.1323003206898431	0
0.865	-8.613548328843635	13.69312711968758	0	-0.1323855961074345	0
0.87	-8.612717123961062	13.69535959958034	0	-0.1324461381602235	0
0.875	-8.612100389593424	13.69661787040094	0	-0.1324824173869486	0
0.88	-8.611749957545724	13.69689598302839	0	-0.1324952200993348	0
0.885	-8.611706289083573	13.69615010019222	0	-0.1324843891948798	0
0.89	-8.611980689486556	13.69433810113666	0	-0.1324495168660479	0
0.895	-8.612548649027548	13.6914957982964	0	-0.1323911194692333	0
0.9	-8.61335908127703	13.68772254385144	0	-0.1323105603439367	0
0.905	-8.614359516109182	13.68308025266113	0	-0.1322091388589334	0
0.91	-8.615513667773765	13.67754052911207	0	-0.1320875047820351	0
0.915	-8.616788583795804	13.67103534550078	0	-0.131945765538977	0
0.92	-8.618142512092092	13.66352443096727	0	-0.1317840408840304	0
0.925	-8.619541002129402	13.65503600331914	0	-0.131603406872451	0
0.93	-8.620962566534192	13.6456961216466	0	-0.1314067122175116	0
0.9350000000000001	-8.622376918040983	13.6357104336682	0	-0.1311983576840993	0
0.9400000000000001	-8.6237402497975	13.62533462765933	0	-0.1309838348087042	0
0.9450000000000001	-8.62501895102964	13.61490147860822	0	-0.1307699566023192	0
0.9500000000000001	-8.626200138723885	13.60482028561511	0	-0.1305645229384058	0
0.9550000000000001	-8.627275677649074	13.59548865626316	0	-0.1303750275941745	0
0.96	-8.628229998160466	13.58720820000905	0	-0.1302077710255834	0
0.965	-8.629047018590283	13.58017522774022	0	-0.130067632822769	0
0.97	-8.629719149012489	13.57451426947222	0	-0.1299578918070902	0
0.975	-8.630244954356815	13.57029097133973	0	-0.1298800227627632	0
0.98	-8.630628632685736	13.56747274009558	0	-0.1298335451153104	0
0.985	-8.630885220688414	13.56587680636597	0	-0.1298159458635217	0
0.99	-8.631028048293269	13.56520850213321	0	-0.1298231235201973	0
0.995	-8.631051662418441	13.56520147408796	0	-0.1298505814224414	0
1	-8.63094789070362	13.56571353600565	0	-0.1298944799462695	0
1.005	-8.630731319321617	13.5667149787673	0	-0.1299519806466582	0
1.01	-8.630432622384905	13.56825223530219	0	-0.130021222989997	0
1.015	-8.630077812866697	13.57039088976158	0	-0.1301005095085102	0
1.02	-8.629686547656078	13.5731191406656	0	-0.1301868005322127	0
1.025	-8.629282762139356	13.57628329760344	0	-0.1302750388485326	0
1.03	-8.628895793300581	13.57960201560704	0	-0.1303588360290557	0
1.035	-8.628552962376729	13.58275523469493	0	-0.130432021115887	0
1.04	-8.628275029698957	13.58549698267819	0	-0.1304901702066505	0
1.045	-8.628072662658708	13.58769298592856	0	-0.1305308405535157	0
1.05	-8.627940996848126	13.58926707530756	0	-0.1305526589292121	0
1.055	-8.6278559662627	13.59015193377102	0	-0.1305547573474384	0
1.06	-8.62778288824787	13.59030415280183	0	-0.130537147116521	0
1.065	-8.627698364629182	13.58973594848616	0	-0.1305012172998732	0
1.07	-8.627601746537868	13.58850345809852	0	-0.1304496216780772	0
1.075	-8.627514193974308	13.58668702970573	0	-0.1303860568684759	0
1.08	-8.62748060589521	13.58441135625411	0	-0.1303152161220623	0
1.085	-8.627560287544275	13.58186201278307	0	-0.1302422398391249	0
1.09	-8.627798667316094	13.57924682402018	0	-0.1301716421134351	0
1.095	-8.628204587163268	13.57673383368779	0	-0.1301064765632327	0
1.1	-8.628754916217655	13.57442948421395	0	-0.1300481902140746	0
1.105	-8.629417956464822	13.5724047347702	0	-0.1299970815544572	0
1.11	-8.630168215168244	13.57074076601351	0	-0.1299531576823353	0
1.115	-8.630984030842862	13.56955436003944	0	-0.1299169316222263	0
1.12	-8.63184887025735	13.56897130991609	0	-0.1298896331444406	0
1.125	-8.632758283818896	13.56907539809834	0	-0.1298727777505942	0
1.13	-8.633705151446661	13.56988438767004	0	-0.1298674793832063	0
1.135	-8.634655470555458	13.57137748517401	0	-0.1298742856076529	0
1.14	-8.635555363735929	13.57353071941016	0	-0.1298932920672591	0
1.145	-8.63635699835644	13.57630398190851	0	-0.1299238772764952	0
1.15	-8.637021729061301	13.57964738820779	0	-0.1299651024787055	0
1.155	-8.637506268728135	13.5835550438909	0	-0.1300165817532514	0
1.16	-8.637764207560521	13.58802288043631	0	-0.1300777189040883	0
1.165	-8.637758089636796	13.59292645091529	0	-0.1301460704130342	0
1.17	-8.63746306357478	13.5980376666903	0	-0.1302177526727263	0
1.175	-8.636867785759755	13.60316093874835	0	-0.1302895747276401	0
1.18	-8.635976441676078	13.60816181877902	0	-0.1303595900940026	0
1.185	-8.634809171231167	13.61288765368032	0	-0.130425672118745	0
1.19	-8.63340554382169	13.61715183752353	0	-0.130485131163288	0
1.195	-8.631821454348618	13.6207981546785	0	-0.1305360154673998	0
1.2	-8.630113813941412	13.62375337998211	0	-0.1305781403281795	0
1.205	-8.628333063543803	13.62603634160358	0	-0.1306130028581995	0
1.21	-8.626527268933188	13.62773182227651	0	-0.1306429130532883	0
1.215	-8.624743399085149	13.62896909652382	0	-0.1306703344666182	0
1.22	-8.623025657228933	13.6299328074094	0	-0.1306981005830964	0
1.225	-8.621413738515885	13.63084636769801	0	-0.1307294510290709	0
1.23	-8.619939237341516	13.63189970434769	0	-0.1307670692672729	0
1.235	-8.618625893757034	13.63319266869207	0	-0.1308120665716764	0
1.24	-8.617494438546414	13.63473808204632	0	-0.1308638865289744	0
1.245	-8.616562422234242	13.63651263182124	0	-0.1309212307727006	0
1.25	-8.615840065840246	13.63852338835408	0	-0.1309833500261422	0
1.255	-8.615325126751609	13.640838214289	0	-0.1310505080546352	0
1.26	-8.61499865392625	13.64356064193745	0	-0.1311234248914594	0
1.265	-8.614835722374648	13.64675295387883	0	-0.1312023558279588	0
1.27	-8.614821683429373	13.65035466268573	0	-0.1312864499841095	0
1.275	-8.614948507256221	13.65417996587159	0	-0.1313738571479164	0
1.28	-8.615205489158004	13.65795459681819	0	-0.1314617114479271	0
1.285	-8.615579337200856	13.66134854718329	0	-0.1315457619723902	0
1.29	-8.616049303448019	13.66405684498726	0	-0.1316210271201706	0
1.295	-8.616585926651632	13.66587302937685	0	-0.131683058089422	0
1.3	-8.617166752610546	13.6666836708414	0	-0.1317283879064885	0
1.305	-8.617782548670519	13.66645143869248	0	-0.1317544407797032	0
1.31	-8.618418855362153	13.66524637962038	0	-0.1317599089416385	0
1.315	-8.61904036046996	13.66328185372736	0	-0.1317455988663007	0
1.32	-8.619597056993975	13.66089169798847	0	-0.1317146512585342	0
1.325	-8.620042725101728	13.65845625228151	0	-0.1316716754366246	0
1.33	-8.620344967162781	13.65633230668881	0	-0.1316217067574019	0
1.335	-8.620480249043389	13.65480272889027	0	-0.1315695144589349	0
1.34	-8.620438568319795	13.65403406102777	0	-0.1315189265723143	0
1.345	-8.620244337333611	13.65407365516322	0	-0.1314723926433687	0
1.35	-8.619962152424462	13.65488980424152	0	-0.1314312403781231	0
1.355	-8.619678857930893	13.6563952830074	0	-0.1313961437303477	0
1.36	-8.619487540513973	13.65845071088297	0	-0.1313671760327073	0
1.365	-8.619486730971582	13.66088352105972	0	-0.1313437757853108	0
1.37	-8.619781462373744	13.66350237712508	0	-0.1313248940216689	0
1.375	-8.620469074709078	13.66607939350593	0	-0.1313088710219457	0
1.38	-8.621613461462335	13.66831254673611	0	-0.131292823555242	0
1.385	-8.62322849982187	13.66980011004626	0	-0.13127202379558	0
1.39	-8.625281038418319	13.67009091711688	0	-0.1312406032427847	0
1.395	-8.627703018152863	13.6688149172278	0	-0.1311937909482948	0
1.4	-8.63040334491922	13.66577485638717	0	-0.1311294296048912	0
1.405	-8.633282437703079	13.66095919995324	0	-0.1310478860431903	0
1.41	-8.636244712543572	13.65455182808022	0	-0.1309518628049173	0
1.415	-8.639204318351091	13.64688725896813	0	-0.1308457878906301	0
1.42	-8.642090872775945	13.63829611569991	0	-0.1307336896580353	0
1.425	-8.644854243200687	13.62901148333763	0	-0.1306177799416312	0
1.43	-8.647465455430256	13.61924307022692	0	-0.1304997565885428	0
1.435	-8.649913823953671	13.60927181747885	0	-0.1303825993499884	0
1.44	-8.65219761119269	13.59942543175037	0	-0.1302702329869417	0
1.445	-8.65431107162474	13.58998581920404	0	-0.1301658617643058	0
1.45	-8.656232549784681	13.58114753812001	0	-0.1300711086080309	0
1.455	-8.657922124664539	13.57302022997779	0	-0.1299860775120022	0
1.46	-8.659335448257359	13.56561559369404	0	-0.1299095346475291	0
1.465	-8.660442431827121	13.55886556047962	0	-0.1298395839741954	0
1.47	-8.661234748302268	13.55271099313666	0	-0.1297750127626697	0
1.475	-8.66171558079798	13.54715806189127	0	-0.1297160434064499	0
1.48	-8.661884884328961	13.5422268255596	0	-0.1296635682583341	0
1.485	-8.661737261675485	13.53787520495437	0	-0.1296176380203899	0
1.49	-8.66126199870553	13.533986106226	0	-0.1295766049069305	0
1.495	-8.660438471725453	13.53043420512305	0	-0.1295379330430606	0
1.5	-8.659236390661926	13.52717681559564	0	-0.1294999657350215	0
1.505	-8.657619111265946	13.52426487903722	0	-0.1294625915480265	0
1.51	-8.655555752611829	13.52177372166931	0	-0.1294266068476631	0
1.515	-8.653043094720045	13.51973743717945	0	-0.1293929914855135	0
1.52	-8.650113625784828	13.51812299332637	0	-0.1293624047986863	0
1.525	-8.64682498578385	13.5168398344474	0	-0.1293348441966807	0
1.53	-8.64324684445787	13.51577266347348	0	-0.1293095735803635	0
1.535	-8.639459331019829	13.51484566525398	0	-0.1292857896590039	0
1.54	-8.63556480615838	13.51407894717789	0	-0.1292636900616812	0
1.545	-8.631687393815414	13.51352152770445	0	-0.1292439509740281	0
1.55	-8.627950840635542	13.51312818811049	0	-0.1292260835806461	0
1.555	-8.624463041434536	13.51277168483546	0	-0.1292084698034147	0
1.56	-8.621311826182563	13.51234276517796	0	-0.1291896943159143	0
1.565	-8.618555844234622	13.51179827275228	0	-0.1291693006160081	0
1.57	-8.616219084872727	13.51116512776804	0	-0.1291478589687069	0
1.575	-8.614295645064935	13.51053632346396	0	-0.1291264761325484	0
1.58	-8.612765559660275	13.51003974256991	0	-0.1291060028595515	0
1.585	-8.611616850932466	13.50977573885681	0	-0.1290866827251774	0
1.59	-8.610843555282992	13.50978999922784	0	-0.1290686104663913	0
1.595	-8.610427484256133	13.51010534458615	0	-0.1290524453189851	0
1.6	-8.610341696192739	13.51073341232322	0	-0.1290392244807362	0
1.605	-8.610558484146175	13.51163832515489	0	-0.1290292413894802	0
1.61	-8.611036152416935	13.51272013757151	0	-0.1290215173605153	0
1.615	-8.611707414994465	13.51385427775119	0	-0.1290146919150446	0
1.62	-8.612493317466264	13.51491516385464	0	-0.1290077421171918	0
1.625	-8.613323793858413	13.51574360007636	0	-0.1289992363930521	0
1.63	-8.614135341492727	13.51616142660987	0	-0.1289870388868224	0
1.635	-8.614864748333433	13.51604624747746	0	-0.1289694246144577	0
1.64	-8.615466562696602	13.51535531405587	0	-0.1289456706867549	0
1.645	-8.615926875482158	13.51413008666563	0	-0.1289162040470661	0
1.65	-8.61625057956576	13.51253678887267	0	-0.1288833351227529	0
1.655	-8.616451546553346	13.51086705759827	0	-0.12885138230092	0
1.66	-8.616558118202869	13.50946280274501	0	-0.1288253767614986	0
1.665	-8.616610132999735	13.50859737457156	0	-0.1288090337033128	0
1.67	-8.616649316687132	13.50837299031283	0	-0.1288033294895909	0
1.675	-8.616716393257038	13.50873365415577	0	-0.1288068769438074	0
1.68	-8.616842570681433	13.50956913330998	0	-0.1288173825093653	0
1.685	-8.617032382711418	13.51079039015789	0	-0.1288327640991715	0
1.69	-8.61725784306536	13.51236067368272	0	-0.1288516962774545	0
1.695	-8.617474487290654	13.51430252546469	0	-0.1288737078123561	0
1.7	-8.617647834186842	13.51668500729042	0	-0.1288992220872439	0
1.705	-8.617768365647088	13.51960269580946	0	-0.1289296844438045	0
1.71	-8.617844701368007	13.52314992081159	0	-0.1289673048162563	0
1.715	-8.617887391220888	13.52742640274639	0	-0.1290148524879909	0
1.72	-8.617903238728411	13.53257050054857	0	-0.1290757526465469	0
1.725	-8.617902996244275	13.53875186222934	0	-0.1291534654243876	0
1.73	-8.617908122409583	13.54611931818032	0	-0.1292501896740574	0
1.735	-8.61794885488289	13.55474437291025	0	-0.1293661445350907	0
1.74	-8.618056446313179	13.5645646825046	0	-0.1294995278250975	0
1.745	-8.618256364125783	13.57533087357632	0	-0.1296463609915557	0
1.75	-8.61856629959636	13.58659566696988	0	-0.1298004730284168	0
1.755	-8.618993210127989	13.59776968878584	0	-0.129954304749177	0
1.76	-8.619532187142047	13.60822107447372	0	-0.130100291909088	0
1.765	-8.620173793192002	13.61737923523828	0	-0.1302321495149343	0
1.77	-8.620910408983963	13.62480697095179	0	-0.1303454493924	0
1.775	-8.621734014748814	13.63022946089082	0	-0.130437383988571	0
1.78	-8.622626294902542	13.63354070467047	0	-0.1305064657585156	0
1.785	-8.623546691328968	13.63480368774503	0	-0.1305527360331506	0
1.79	-8.624430798573471	13.63422026510358	0	-0.1305777861520518	0
1.795	-8.625200174034712	13.63206257747189	0	-0.1305839197234397	0
1.8	-8.625779770076054	13.62861764177453	0	-0.1305733738840222	0
1.805	-8.626124852054701	13.6241809183141	0	-0.1305486370143601	0
1.81	-8.626237622464659	13.61906678913432	0	-0.1305130840116113	0
1.815	-8.626150922274784	13.61358779548884	0	-0.1304706699345057	0
1.82	-8.625905423729071	13.60800666468096	0	-0.1304252029052802	0
1.825	-8.625551489326726	13.60250474787651	0	-0.1303801478994814	0
1.83	-8.625144579189504	13.59721366301057	0	-0.1303387744757439	0
1.835	-8.624715283916277	13.59229404841115	0	-0.1303042854581306	0
1.84	-8.624263030679575	13.58795891119164	0	-0.1302796162618605	0
1.845	-8.623781883790878	13.58441380836806	0	-0.1302669521371183	0
1.85	-8.623270229884106	13.58180049147696	0	-0.1302675286090525	0
1.855	-8.622726338738323	13.58018764320311	0	-0.1302818048071263	0
1.86	-8.622153452492517	13.57957308814524	0	-0.1303095303725318	0
1.865	-8.621562048703522	13.57986088814447	0	-0.1303493088849976	0
1.87	-8.62096074967528	13.58086504926069	0	-0.1303984692259844	0
1.875	-8.620343441456281	13.58240481517502	0	-0.1304543153056382	0
1.88	-8.619684940731508	13.58439215651075	0	-0.1305153943230891	0
1.885	-8.618951875431344	13.58679916780819	0	-0.1305810743303584	0
1.89	-8.618118319632062	13.58958899283143	0	-0.1306505738866702	0
1.895	-8.617180461637663	13.59271420478543	0	-0.1307229999787504	0
1.9	-8.616166555426959	13.59612692777629	0	-0.1307976557626574	0
1.905	-8.615127080245701	13.59974081704308	0	-0.1308735884325394	0
1.91	-8.614107034362103	13.60341253970988	0	-0.1309490448381452	0
1.915	-8.613122053469127	13.60699471953278	0	-0.1310217308284629	0
1.92	-8.612155314420809	13.61039304956245	0	-0.131089358973252	0
1.925	-8.611178070922623	13.61355208921125	0	-0.1311496158711735	0
1.93	-8.610173920801445	13.61642918365013	0	-0.1312004024913899	0
1.935	-8.609144093398593	13.61903197125378	0	-0.1312411144584	0
1.94	-8.608099570830213	13.62144791735967	0	-0.1312732156128853	0
1.945	-8.607059064144492	13.62382216204958	0	-0.1312991463914396	0
1.95	-8.606054574401874	13.62632760933196	0	-0.1313210566935971	0
1.955	-8.605131081214026	13.62911528791672	0	-0.1313401163077841	0
1.96	-8.604335650187974	13.63224485242948	0	-0.1313561721532208	0
1.965	-8.603709349345579	13.63564689378965	0	-0.1313678381934965	0
1.97	-8.60329058353469	13.639124753674	0	-0.1313727038322147	0
1.975	-8.603114644120492	13.64236812193657	0	-0.1313672558601919	0
1.98	-8.603205525151086	13.64498692921044	0	-0.1313471232431194	0
1.985	-8.603575065481627	13.64659328675654	0	-0.1313083401192739	0
1.99	-8.604226624677212	13.64691528542699	0	-0.1312490664755173	0
1.995	-8.605158623300326	13.64587945785688	0	-0.1311706070824447	0
2	-8.606366980907934	13.64359044761857	0	-0.1310769426709584	0
2.005	-8.607836058666809	13.64022751028395	0	-0.1309730540833976	0
2.01	-8.609523784521707	13.63596594886461	0	-0.1308635345588056	0
2.015	-8.611363576375432	13.63097968259834	0	-0.1307525977415527	0
2.02	-8.613285026190949	13.62549225469268	0	-0.130644804404504	0
2.025	-8.615226971789259	13.61978420667356	0	-0.130544918654567	0
2.03	-8.617131543499797	13.61410520104159	0	-0.1304565270181725	0
2.035	-8.618938100719159	13.60857439282749	0	-0.1303807309833378	0
2.04	-8.620589480736239	13.60318049483955	0	-0.1303163079333178	0
2.045	-8.622043109886317	13.59787340520315	0	-0.1302611307150746	0
2.05	-8.623275634009236	13.59265158740263	0	-0.1302134794266225	0
2.055	-8.62427911572394	13.58757779778681	0	-0.1301724039076832	0
2.06	-8.6250601992763	13.58274330574943	0	-0.1301373743686551	0
2.065	-8.625647954456184	13.57826396035547	0	-0.1301084658442657	0
2.07	-8.626094271354155	13.57431174350857	0	-0.1300870990229429	0
2.075	-8.626452623649259	13.57108205921791	0	-0.130075421159323	0
2.08	-8.626751255115265	13.56868089752406	0	-0.1300742389319992	0
2.085	-8.626988180286181	13.56705533142063	0	-0.1300818304437288	0
2.09	-8.627148954574844	13.56605473593014	0	-0.1300948980237734	0
2.095	-8.627228291761412	13.56552358616934	0	-0.1301100915882576	0
2.1	-8.627243221334348	13.56529479646935	0	-0.1301240633010609	0
2.105	-8.627231127372147	13.56515449618436	0	-0.1301329963860597	0
2.11	-8.627236434554071	13.56488169438718	0	-0.1301332508286624	0
2.115	-8.627302041253722	13.56428440458687	0	-0.1301221106568509	0
2.12	-8.627463548582135	13.56318453246507	0	-0.1300979606863882	0
2.125	-8.627736836364173	13.56144619253028	0	-0.1300608066933167	0
2.13	-8.628114255971536	13.55905557588237	0	-0.1300126962219148	0
2.135	-8.628576896622716	13.55614571868779	0	-0.1299572425937287	0
2.14	-8.629100934925242	13.55291852277242	0	-0.1298985822892007	0
2.145	-8.629646823128663	13.549547068951	0	-0.1298403453208512	0
2.15	-8.630154286481691	13.54617753407617	0	-0.1297853762164237	0
2.155	-8.630563009699729	13.54298751233618	0	-0.1297359705090196	0
2.16	-8.630841788783606	13.54017723094504	0	-0.1296937816632489	0
2.165	-8.630997692200715	13.53794432553641	0	-0.129660031606421	0
2.17	-8.631058705738974	13.53652952732329	0	-0.1296365999647792	0
2.175	-8.631049812860439	13.53623027664206	0	-0.1296264746868665	0
2.18	-8.630984352973856	13.53729820359812	0	-0.1296324426561996	0
2.185	-8.630870714261404	13.53983534924371	0	-0.1296555289428673	0
2.19	-8.630723835093281	13.54377703600849	0	-0.1296946539383617	0
2.195	-8.630568090904452	13.54892577540751	0	-0.1297472292348329	0
2.2	-8.630428768410798	13.55499224717615	0	-0.1298098084726678	0
2.205	-8.630324588020887	13.56161553910547	0	-0.1298781352182181	0
2.21	-8.630262175824281	13.5683787368547	0	-0.129947071782333	0
2.215	-8.630232350098085	13.57486378411798	0	-0.1300112710297318	0
2.22	-8.630215811176038	13.58071843698613	0	-0.1300662075681542	0
2.225	-8.63019074050824	13.58566017588358	0	-0.130108494549996	0
2.23	-8.630132879718426	13.58945643119985	0	-0.1301355954194968	0
2.235	-8.630016563664464	13.59196480586284	0	-0.1301458880295563	0
2.24	-8.629827996840282	13.59316631546	0	-0.1301389498799087	0
2.245	-8.629579464602138	13.59315179604981	0	-0.130115942214362	0
2.25	-8.629301860240018	13.59213281441825	0	-0.130080271219316	0
2.255	-8.62902120269136	13.59042553029843	0	-0.1300371415766658	0
2.26	-8.628744638203537	13.5883319535207	0	-0.1299913380208076	0
2.265	-8.628467297399661	13.5860455409334	0	-0.1299456293069179	0
2.27	-8.628192448874085	13.58372423513575	0	-0.129901808463738	0
2.275	-8.627950627350575	13.5816036411177	0	-0.1298624020877475	0
2.28	-8.627803464657534	13.57991916112509	0	-0.1298299608756195	0
2.285	-8.627820026565981	13.57872403841046	0	-0.1298050419676411	0
2.29	-8.628043748639337	13.57788587288084	0	-0.1297862267705939	0
2.295	-8.628483998616129	13.5772503961031	0	-0.1297718211236445	0
2.3	-8.629122605650418	13.57673798161601	0	-0.129760701684311	0
2.305	-8.629909701283212	13.57632455736683	0	-0.1297522805630872	0
2.31	-8.630762287992114	13.57602215561517	0	-0.1297468086751648	0
2.315	-8.631587482491858	13.57587546449953	0	-0.1297454895571642	0
2.32	-8.632315273477122	13.57591834134688	0	-0.1297493048255609	0
2.325	-8.632908513927786	13.57612179547989	0	-0.1297575152944519	0
2.33	-8.633342507703302	13.5764059268102	0	-0.1297678442195846	0
2.335	-8.633582705421723	13.57669205845588	0	-0.1297778855106094	0
2.34	-8.6335872552292	13.57689850762822	0	-0.1297853783689416	0
2.345	-8.633318279002557	13.57690805834163	0	-0.1297878298258611	0
2.35	-8.632750353531529	13.57661971394037	0	-0.1297835604014322	0
2.355	-8.631882917531378	13.57599709088101	0	-0.1297724766426311	0
2.36	-8.630734961793925	13.57499717398014	0	-0.1297547106745252	0
2.365	-8.629323905806324	13.57351056028507	0	-0.1297293451915167	0
2.37	-8.627665521024463	13.57141329178062	0	-0.1296947981958945	0
2.375	-8.625788119680367	13.56863549168319	0	-0.1296498148069116	0
2.38	-8.623733543871229	13.565167181419	0	-0.1295939811726712	0
2.385	-8.621551751710959	13.56102068112412	0	-0.1295274262658925	0
2.39	-8.619299376255594	13.55621332098429	0	-0.1294504937176782	0
2.395	-8.617032604076838	13.5507866182143	0	-0.1293640223679269	0
2.4	-8.614794370694005	13.5448059236894	0	-0.1292694286985029	0
2.405	-8.612612067366205	13.53834028195246	0	-0.1291683579600069	0
2.41	-8.610507654096592	13.5314822819953	0	-0.129062690859853	0
2.415	-8.608506781272348	13.52438410795676	0	-0.128954781936745	0
2.42	-8.606638246840097	13.517246253225	0	-0.1288473838757623	0
2.425	-8.604924749288747	13.51028689205256	0	-0.1287436268601328	0
2.43	-8.603376443252687	13.5037512625201	0	-0.1286474168636852	0
2.435	-8.601994954733497	13.49791678254015	0	-0.1285633107336363	0
2.44	-8.6007839820005	13.4930341368515	0	-0.1284953192723151	0
2.445	-8.599758787020047	13.48927184868943	0	-0.1284459718411584	0
2.45	-8.5989460427748	13.48672372959341	0	-0.1284164669323094	0
2.455	-8.598377874291128	13.48545120355979	0	-0.1284072615325608	0
2.46	-8.59808387303184	13.48551656195738	0	-0.1284183300267767	0
2.465	-8.598076269568191	13.48697150452691	0	-0.1284489445834525	0
2.47	-8.598341482489188	13.48981733745271	0	-0.1284976080819207	0
2.475	-8.598852336628521	13.49396465990085	0	-0.1285621833032563	0
2.48	-8.599583068014846	13.49921991855141	0	-0.1286399291335857	0
2.485	-8.600504335712856	13.50533429153317	0	-0.1287278899434299	0
2.49	-8.601577113278022	13.51207136427083	0	-0.1288234835122348	0
2.495	-8.602769176922806	13.51922653173214	0	-0.1289246539946795	0
2.5	-8.604066727359012	13.5266101829515	0	-0.1290297044108407	0
2.505	-8.605456538475474	13.53405824931431	0	-0.1291373846628886	0
2.51	-8.606901453199949	13.54149429610464	0	-0.1292473657620814	0
2.515	-8.608339546609155	13.54897581491652	0	-0.1293604694971754	0
2.52	-8.609704991797278	13.55666515685537	0	-0.1294783940019629	0
2.525	-8.610938446191748	13.56476874733256	0	-0.1296034536445764	0
2.53	-8.611983285958136	13.57347992164739	0	-0.129738149591328	0
2.535	-8.612795202337693	13.58289736164241	0	-0.1298839636511256	0
2.54	-8.613358554938337	13.5929750108771	0	-0.1300404299140867	0
2.545	-8.613686811784479	13.60358296543016	0	-0.1302058856810611	0
2.55	-8.613811783815299	13.61458381707564	0	-0.1303786855694587	0
2.555	-8.613780551582343	13.62579746263545	0	-0.1305568979907299	0
2.56	-8.613659154678201	13.63692997278734	0	-0.1307372855725721	0
2.565	-8.613516488782093	13.64760932666635	0	-0.1309155721795088	0
2.57	-8.61339499126672	13.65749642078748	0	-0.1310877805684521	0
2.575	-8.613306951477092	13.66634485976714	0	-0.1312509672973309	0
2.58	-8.613253557318794	13.67400198429711	0	-0.1314031198080459	0
2.585	-8.613242918617601	13.6804147637934	0	-0.1315432258592251	0
2.59	-8.61330233976854	13.68562451935097	0	-0.1316714342602101	0
2.595	-8.613476384971053	13.68972651001991	0	-0.1317886342927835	0
2.6	-8.613805068390722	13.69281807502681	0	-0.1318954755526726	0
2.605	-8.614297249569912	13.69495130793337	0	-0.1319914182360801	0
2.61	-8.61492472261858	13.69613861299767	0	-0.1320749992897931	0
2.615	-8.615642696094678	13.69643117246608	0	-0.1321453152723518	0
2.62	-8.616409248597755	13.69597018933219	0	-0.1322029016396185	0
2.625	-8.617184829701802	13.69495077627884	0	-0.1322493082461205	0
2.63	-8.617927011637695	13.69357820464337	0	-0.1322865093388703	0
2.635	-8.618602342834993	13.69205652074693	0	-0.1323166243973973	0
2.64	-8.619211514191496	13.69054962851787	0	-0.1323412470280893	0
2.645	-8.619798438591937	13.68912264985222	0	-0.132360576485851	0
2.65	-8.620424230483618	13.68774736021606	0	-0.1323736197224874	0
2.655	-8.621125940041944	13.68636742790294	0	-0.1323793420401513	0
2.66	-8.621902764044171	13.68491947152514	0	-0.1323769669191198	0
2.665	-8.622733583751334	13.68330210738463	0	-0.1323653285226003	0
2.67	-8.623587866011551	13.6813967430771	0	-0.132343050593063	0
2.675	-8.624427076905812	13.67913628658874	0	-0.1323094244504686	0
2.68	-8.625215566027228	13.6765264462689	0	-0.1322645364173431	0
2.685	-8.625926645776238	13.67359574848298	0	-0.1322085734176739	0
2.69	-8.62653065336014	13.6703337437444	0	-0.1321411053483211	0
2.695	-8.626985967364181	13.66668109601577	0	-0.1320609173830087	0
2.7	-8.627249057667123	13.6625598222453	0	-0.1319664116554029	0
2.705	-8.627282633349528	13.65791981542737	0	-0.1318566381265952	0
2.71	-8.627053435266042	13.65280176164519	0	-0.1317327806725174	0
2.715	-8.62653785433373	13.64734068942368	0	-0.131598407428311	0
2.72	-8.625728806031763	13.64168181358666	0	-0.1314578598179069	0
2.725	-8.624637151641556	13.6359440108031	0	-0.13131507053444	0
2.73	-8.623298017768638	13.63027894064857	0	-0.1311738508047523	0
2.735	-8.621773471729886	13.6248948171984	0	-0.1310380364066975	0
2.74	-8.620142965107602	13.61998920733316	0	-0.1309109037028645	0
2.745	-8.618487171797209	13.61566950022459	0	-0.1307947090976517	0
2.75	-8.616872880524767	13.61193607622916	0	-0.1306907084252598	0
2.755	-8.615350340804543	13.60872480170545	0	-0.130599307308277	0
2.76	-8.613959107112354	13.60594155619967	0	-0.1305199566996612	0
2.765	-8.612725210825459	13.60348863076883	0	-0.13045142947179	0
2.77	-8.611659216597475	13.60130676239582	0	-0.1303926516913424	0
2.775	-8.610773233298097	13.59937315156945	0	-0.130342736021576	0
2.78	-8.610095905838572	13.59767150262929	0	-0.1303005723769109	0
2.785	-8.609660621143819	13.59620958873636	0	-0.130265416345676	0
2.79	-8.60948687213442	13.59503638975254	0	-0.1302375998177051	0
2.795	-8.609583312378261	13.5941912297993	0	-0.1302179617965816	0
2.8	-8.60996305259847	13.59365261566233	0	-0.1302068192433964	0
2.805	-8.610642685696641	13.59336242370944	0	-0.1302039684156262	0
2.81	-8.611622144181982	13.59327009363175	0	-0.1302092577774747	0
2.815	-8.612869138438905	13.5933611515565	0	-0.1302228280563021	0
2.82	-8.614323315354682	13.59368953952785	0	-0.1302453203335343	0
2.825	-8.615911551303199	13.59435360104524	0	-0.1302777418687058	0
2.83	-8.617558364424662	13.59541178014931	0	-0.1303206305542914	0
2.835	-8.619187766512937	13.5968302043176	0	-0.1303732901020172	0
2.84	-8.62072132057051	13.59849022301302	0	-0.1304335440303543	0
2.845	-8.622079019210849	13.60025532118341	0	-0.1304983147613171	0
2.85	-8.623188645028257	13.60207356855948	0	-0.1305651895511484	0
2.855	-8.623997096312079	13.6040125102077	0	-0.1306334283288264	0
2.86	-8.624474375395382	13.60615026279353	0	-0.1307026470326213	0
2.865	-8.624610227621508	13.60842618357407	0	-0.1307707323863627	0
2.87	-8.624410970596429	13.61064709178128	0	-0.1308340879045533	0
2.875	-8.623905118997211	13.61261726407629	0	-0.1308894119162139	0
2.88	-8.623153057686448	13.61418893632044	0	-0.1309341049411426	0
2.885	-8.622244501329419	13.61523744744777	0	-0.1309658333322848	0
2.89	-8.62127702844335	13.61567236252172	0	-0.1309829931150665	0
2.895	-8.620330934359743	13.61543296769452	0	-0.1309851139830642	0
2.9	-8.619463172741932	13.61442849467585	0	-0.1309723236564068	0
2.905	-8.618717460417297	13.61250630881854	0	-0.1309448366841686	0
2.91	-8.618125873893595	13.60948781718667	0	-0.1309029334067342	0
2.915	-8.617700973453113	13.60524087505236	0	-0.1308470077851377	0
2.92	-8.617433527849792	13.59975343461623	0	-0.1307775530704649	0
2.925	-8.617290943244649	13.59316058366151	0	-0.1306953198296026	0
2.93	-8.617215415138427	13.58569282495322	0	-0.1306014494467159	0
2.935	-8.617136209717478	13.57760131332896	0	-0.1304973020441531	0
2.94	-8.616986761549144	13.56912752277955	0	-0.1303842005136809	0
2.945	-8.616706697640216	13.56050488743229	0	-0.1302632700815455	0
2.95	-8.616239142800667	13.55196851643944	0	-0.1301356236142602	0
2.955	-8.615535562640638	13.54377735158447	0	-0.1300031405768295	0
2.96	-8.614565392908505	13.53622879685878	0	-0.1298692774982268	0
2.965	-8.613326871639453	13.52963319187534	0	-0.1297390411187706	0
2.97	-8.611849665332795	13.52425139141334	0	-0.1296179789204175	0
2.975	-8.610193910920835	13.52020769215745	0	-0.1295105959665385	0
2.98	-8.608453167800443	13.51743406436496	0	-0.12941918396698	0
2.985	-8.606742321645871	13.51572854832405	0	-0.1293439629535563	0
2.99	-8.605168463741244	13.51488002430834	0	-0.1292840160441815	0
2.995	-8.603815901682564	13.51474098381006	0	-0.1292380431326169	0
3	-8.602752861953627	13.51523654119565	0	-0.1292046770623327	0
3.005	-8.602031390570435	13.51633285178762	0	-0.129182289966096	0
3.01	-8.601669897960594	13.5179610203048	0	-0.1291684716833125	0
3.015	-8.601643999498563	13.51996870574849	0	-0.1291599831348324	0
3.02	-8.60190288262625	13.52214315276536	0	-0.1291532426046116	0
3.025	-8.602395048704727	13.52424167362198	0	-0.1291446459452134	0
3.03	-8.603077682384287	13.52602966235768	0	-0.129131030571474	0
3.035	-8.603903030088507	13.52733460951524	0	-0.1291102598283949	0
3.04	-8.604802796180437	13.5280528695914	0	-0.1290809476640069	0
3.045	-8.605698082961959	13.52814094832271	0	-0.1290421721184255	0
3.05	-8.606529124913823	13.52763897896091	0	-0.1289942472754665	0
3.055	-8.607269833574032	13.52666676640813	0	-0.1289392255394903	0
3.06	-8.607913065754296	13.52538818039221	0	-0.1288804927300068	0
3.065	-8.608449324144779	13.52398746596942	0	-0.1288223489280175	0
3.07	-8.608863494958454	13.52264582200374	0	-0.1287695808996211	0
3.075	-8.609145879428139	13.52152629883368	0	-0.1287268066347085	0
3.08	-8.609298572355298	13.52077868478731	0	-0.1286979167410197	0
3.085	-8.609331504703944	13.52052840749353	0	-0.1286857461038941	0
3.09	-8.609256645126436	13.52086114491382	0	-0.1286923401835789	0
3.095	-8.609083143813233	13.52184674722418	0	-0.1287198553171302	0
3.1	-8.608814511176865	13.52357463033863	0	-0.1287708758566072	0
3.105	-8.608456501140346	13.52616082843833	0	-0.1288476283439091	0
3.11	-8.608025054581528	13.52971887163185	0	-0.1289510591748076	0
3.115	-8.607540782256214	13.53428265076624	0	-0.1290803255749375	0
3.12	-8.607027165763453	13.53972876189285	0	-0.1292326907465219	0
3.125	-8.606518416722899	13.54581322707659	0	-0.1294041701746022	0
3.13	-8.606054267197543	13.55232239949983	0	-0.1295906830421312	0
3.135	-8.605660535945489	13.55917949736336	0	-0.1297885728303198	0
3.14	-8.605345588187372	13.56641214526999	0	-0.1299943055653527	0
3.145	-8.605117443124147	13.57404859187545	0	-0.1302040725215376	0
3.15	-8.604990435087254	13.58202938816633	0	-0.1304133778723556	0
3.155	-8.604972968599679	13.59017006486677	0	-0.1306167090259716	0
3.16	-8.605059067896597	13.5982071078571	0	-0.1308080849189377	0
3.165	-8.605236945924409	13.60590771591727	0	-0.1309825484158522	0
3.17	-8.60550318621031	13.61313186292995	0	-0.1311371342304307	0
3.175	-8.605862630509005	13.61978695787035	0	-0.1312702107738207	0
3.18	-8.606318713598139	13.62575904997365	0	-0.1313803832412541	0
3.185	-8.606873206455106	13.63092418323782	0	-0.1314666246296262	0
3.19	-8.607522130925636	13.63522774301393	0	-0.1315292899173328	0
3.195	-8.608238382808942	13.63870456416783	0	-0.1315702362171938	0
3.2	-8.608974237579323	13.64138028934794	0	-0.1315913501430338	0
3.205	-8.609691297510894	13.64318517730181	0	-0.131593217615163	0
3.21	-8.610379930852305	13.64398775348507	0	-0.1315754531233958	0
3.215	-8.61105497022241	13.64366899606537	0	-0.131537626059227	0
3.22	-8.611749510608028	13.64214596153062	0	-0.1314796561223491	0
3.225	-8.612506809551522	13.63938042171532	0	-0.1314022301081026	0
3.23	-8.613356071684604	13.63541968339096	0	-0.1313075560541485	0
3.235	-8.614294844908366	13.63042216904024	0	-0.1311996356105024	0
3.24	-8.615296051181357	13.62460433629639	0	-0.1310832588712111	0
3.245	-8.616321672717836	13.61814832720933	0	-0.1309624288990641	0
3.25	-8.617330768490225	13.61118584229495	0	-0.1308398881723582	0
3.255	-8.618282710034483	13.60387040726428	0	-0.1307178867997167	0
3.26	-8.619146922544378	13.59642652167036	0	-0.1305990227668102	0
3.265	-8.619919215710217	13.58913546897167	0	-0.1304865986837186	0
3.27	-8.620619293456873	13.58230074110231	0	-0.1303843719408287	0
3.275	-8.621273216591502	13.57620093392325	0	-0.1302956833520292	0
3.28	-8.621906278455162	13.57102674319421	0	-0.1302225495927536	0
3.285	-8.622535855385255	13.56685375938469	0	-0.1301656099805027	0
3.29	-8.623158629085383	13.56369825584615	0	-0.1301250578652335	0
3.295	-8.623759704532661	13.56158401249784	0	-0.1301012651444599	0
3.3	-8.624340722416498	13.56052464082465	0	-0.1300940314383082	0
3.305	-8.624927041515416	13.56046541320072	0	-0.1301017320938644	0
3.31	-8.625538795239779	13.56127617689342	0	-0.1301218435469042	0
3.315	-8.626159103821857	13.56279127264687	0	-0.1301519301392199	0
3.32	-8.626740274581035	13.56483698985792	0	-0.1301897987610441	0
3.325	-8.627233751866523	13.56723853822774	0	-0.1302332557628536	0
3.33	-8.627601103813443	13.56985429264295	0	-0.1302806651888304	0
3.335	-8.627814619677032	13.57262605800034	0	-0.1303319745851093	0
3.34	-8.627869494235732	13.57554970610004	0	-0.1303881480850844	0
3.345	-8.627781051904552	13.57856933894988	0	-0.1304490232651759	0
3.35	-8.62755351072205	13.58155458308274	0	-0.1305126593429445	0
3.355	-8.627158144912405	13.5843898237821	0	-0.1305768290303118	0
3.36	-8.626549459116417	13.58701212005855	0	-0.1306398834074934	0
3.365	-8.625694823056234	13.58938930410688	0	-0.1307006202988186	0
3.37	-8.624576794522426	13.59154174061966	0	-0.1307586114882638	0
3.375	-8.623177622996256	13.59355640692345	0	-0.1308143104133391	0
3.38	-8.621477125782436	13.59553779753905	0	-0.1308685817650054	0
3.385	-8.619455382701904	13.59754698756173	0	-0.1309223655151018	0
3.39	-8.617088164779036	13.59957609779993	0	-0.1309762616464469	0
3.395	-8.614347472876119	13.60155448961182	0	-0.1310300029142307	0
3.4	-8.611209835737265	13.60335528360354	0	-0.1310821804365222	0
3.405	-8.607662864083546	13.604821926967	0	-0.1311305781002025	0
3.41	-8.603711103162574	13.60584661867674	0	-0.1311733838108161	0
3.415	-8.599386890750914	13.60641724657037	0	-0.1312100746903813	0
3.42	-8.594758617230342	13.60653328012159	0	-0.1312404003742669	0
3.425	-8.589929748750302	13.60610603864558	0	-0.1312629820900022	0
3.43	-8.585033339686344	13.60504653259899	0	-0.1312764591332367	0
3.435	-8.580214377015132	13.60343321022652	0	-0.1312817322818138	0
3.44	-8.575604580703029	13.60149662235469	0	-0.1312816079390266	0
3.445	-8.571326531704916	13.59946899970178	0	-0.1312785844566139	0
3.45	-8.567524193680466	13.59750186901395	0	-0.1312738176975796	0
