15.805	-0.16203864231537
15.81	-0.15710281393738
15.815	-0.151956111333736
15.82	-0.146608353191337
15.825	-0.141069929791916
15.83	-0.135351662557612
15.835	-0.129464690326915
15.84	-0.123420371584009
15.845	-0.117230191995569
15.85	-0.110905684316604
15.855	-0.104458365277726
15.86	-0.0978996800211724
15.865	-0.0912409484741571
15.87	-0.0844933171966135
15.875	-0.0776677185133573
15.88	-0.0707748374194261
15.885	-0.0638250833110128
15.89	-0.0568285563361116
15.895	-0.0497950029857568
15.9	-0.0427337678803925
15.905	-0.0356537513911999
15.91	-0.0285633749806788
15.915	-0.021470552006293
15.92	-0.0143826627177821
15.925	-0.00730652944003275
15.93	-0.000248390082645307
15.935	0.00678612264348446
15.94	0.0137919871346116
15.945	0.0207647845596507
15.95	0.027700683635771
15.955	0.0345964209361626
15.96	0.041449273504471
15.965	0.048257021924307
15.97	0.0550179116689249
15.975	0.0617306239332803
15.98	0.0683942512836895
15.985	0.0750082695596537
15.99	0.0815725121375134
15.995	0.0880871470586685
16	0.0945526479251514
16.005	0.100969759558718
16.01	0.10733946011346
16.015	0.113662920532686
16.02	0.119941471697197
16.025	0.12617657999714
16.03	0.132369821558122
16.035	0.138522855888718
16.04	0.14463740465103
16.045	0.150715235932311
16.05	0.156758155006209
16.055	0.16276800451611
16.06	0.16874666271981
16.065	0.174696020875874
16.07	0.180617944852826
16.075	0.186514236209204
16.08	0.192386598895071
16.085	0.198236624863175
16.09	0.204065809450692
16.095	0.209875584959008
16.1	0.215667347985163
16.105	0.221442469248818
16.11	0.227202295052876
16.115	0.232948149694123
16.12	0.238681343214374
16.125	0.244403185344117
16.13	0.250114998985307
16.135	0.255818125728922
16.14	0.261513922599058
16.145	0.267203760998488
16.15	0.272889036100658
16.155	0.27857117651613
16.16	0.284251639165795
16.165	0.289931886505016
16.17	0.295613364845148
16.175	0.301297504591178
16.18	0.306985734943828
16.185	0.312679494860461
16.19	0.318380237087802
16.195	0.324089430637889
16.2	0.329808563356283
16.205	0.335539140977148
16.21	0.341282683454785
16.215	0.34704072577261
16.22	0.352814820864356
16.225	0.358606533135746
16.23	0.364417423176942
16.235	0.370249033788926
16.24	0.376102881836611
16.245	0.38198045748121
16.25	0.387883227177173
16.255	0.393812626720294
16.26	0.399770039351734
16.265	0.405756774908184
16.27	0.411774063347225
16.275	0.417823055601722
16.28	0.423904816431769
16.285	0.430020303221118
16.29	0.436170342394528
16.295	0.442355617423609
16.3	0.448576663771825
16.305	0.454833861184696
16.31	0.461127426129886
16.315	0.467457409544514
16.32	0.473823700964322
16.325	0.480226036176288
16.33	0.486664000379821
16.335	0.493137024454913
16.34	0.499644382297303
16.345	0.506185195132769
16.35	0.512758438644224
16.355	0.519362944729307
16.36	0.525997396208302
16.365	0.532660318277518
16.37	0.539350067668234
16.375	0.546064817913415
16.38	0.552802540418244
16.385	0.559560985978827
16.39	0.566337676650316
16.395	0.573129915967208
16.4	0.579934819544546
16.405	0.586749358819056
16.41	0.593570404877402
16.415	0.600394766059549
16.42	0.6072192132521
16.425	0.614040490431353
16.43	0.620855326650765
16.435	0.627660457666212
16.44	0.634452653715501
16.445	0.641228762045217
16.45	0.647985758764194
16.455	0.654720785029714
16.46	0.661431162264615
16.465	0.668114403648018
16.47	0.674768228193323
16.475	0.68139056322382
16.48	0.687979532557718
16.485	0.694533451903372
16.49	0.701050843399313
16.495	0.707530453273777
16.5	0.71397125752697
16.505	0.720372461795634
16.51	0.726733500057899
16.515	0.733054024422287
16.52	0.739333888220699
16.525	0.745573138966178
16.53	0.751772025801234
16.535	0.757931004638224
16.54	0.764050726857088
16.545	0.770132016020478
16.55	0.776175844991989
16.555	0.782183316968707
16.56	0.788155645055415
16.565	0.79409413118762
16.57	0.80000015449331
16.575	0.805875174671037
16.58	0.811720737529046
16.585	0.817538468572368
16.59	0.823330070755242
16.595	0.829097343925081
16.6	0.834842203521278
16.605	0.840566674908563
16.61	0.846272873192327
16.615	0.851962977768816
16.62	0.857639201237557
16.625	0.863303765426363
16.63	0.868958893133049
16.635	0.874606805325697
16.64	0.880249717773067
16.645	0.885889839465329
16.65	0.891529372673362
16.655	0.89717051652034
16.66	0.902815471625084
16.665	0.908466439932206
16.67	0.914125619492819
16.675	0.919795189233734
16.68	0.925477287197395
16.685	0.931174003463645
16.69	0.936887390789874
16.695	0.942619471025693
16.7	0.948372226542879
16.705	0.954147583342003
16.71	0.959947386099405
16.715	0.965773365663718
16.72	0.971627114628429
16.725	0.977510079445532
16.73	0.983423556037931
16.735	0.989368672850039
16.74	0.99534635819792
16.745	1.00135729918919
16.75	1.00740190045566
16.755	1.01348024751673
16.76	1.01959207542849
16.765	1.02573673768528
16.77	1.03191316925442
16.775	1.03811984618867
16.78	1.0443547508663
16.785	1.05061534761802
16.79	1.0568985649463
16.795	1.06320077318528
16.8	1.06951774544428
16.805	1.07584460259352
16.81	1.08217575510867
16.815	1.0885048516148
16.82	1.09482474193188
16.825	1.1011274610898
16.83	1.10740422676015
16.835	1.11364543323418
16.84	1.11984063838817
16.845	1.12597855754629
16.85	1.1320470764103
16.855	1.13803328315165
16.86	1.14392351450294
16.865	1.14970341069281
16.87	1.15535797871049
16.875	1.16087167261936
16.88	1.16622849636703
16.885	1.17141212402672
16.89	1.17640604038797
16.895	1.18119371550314
16.9	1.18575881465459
16.905	1.19008543088389
16.91	1.19415833986337
16.915	1.19796329364477
16.92	1.20148735221146
16.925	1.20471923485615
16.93	1.20764969964757
16.935	1.21027197373401
16.94	1.21258222444627
16.945	1.21458004750064
16.95	1.21626897741415
16.955	1.21765704081147
16.96	1.21875735511612
