0	0	0	0	0.8574955311246284	0
0.005	0	0	0	0.8574955230435731	0
0.01	0	0	0	0.8574955139748909	0
0.015	0	0	0	0.8574955039405018	0
0.02	0	0	0	0.8574954929984026	0
0.025	0	0	0	0.8574954812504283	0
0.03	0	0	0	0.8574954688507007	0
0.035	0	0	0	0.8574954560146815	0
0.04	0	0	0	0.8574954430287074	0
0.045	0	0	0	0.8574954302598362	0
0.05	0	0	0	0.8574954181657779	0
0.055	0	0	0	0.8574954073046219	0
0.06	0	0	0	0.8574953983440023	0
0.065	0	0	0	0.8574953920692642	0
0.07000000000000001	0	0	0	0.8574953893901095	0
0.075	0	0	0	0.8574953913451121	0
0.08	0	0	0	0.8574953991033932	0
0.08500000000000001	0	0	0	0.8574954139626508	0
0.09	0	0	0	0.8574954373426389	0
0.095	0	0	0	0.8574954707730895	0
0.1	0	0	0	0.857495515874984	0
0.105	0	0	0	0.8574955743339913	0
0.11	0	0	0	0.8574956478648281	0
0.115	0	0	0	0.8574957381652463	0
0.12	0	0	0	0.8574958468583356	0
0.125	0	0	0	0.8574959754218466	0
0.13	0	0	0	0.8574961251033029	0
0.135	0	0	0	0.8574962968197885	0
0.14	0	0	0	0.8574964910414823	0
0.145	0	0	0	0.8574967076582728	0
0.15	0	0	0	0.8574969458291402	0
0.155	0	0	0	0.8574972038144496	0
0.16	0	0	0	0.8574974787918734	0
0.165	0	0	0	0.8574977666573629	0
0.17	0	0	0	0.8574980618134365	0
0.175	0	0	0	0.8574983569480489	0
0.18	0	0	0	0.8574986428084704	0
0.185	0	0	0	0.857498907975936	0
0.19	0	0	0	0.8574991386483271	0
0.195	0	0	0	0.8574993184398317	0
0.2	0	0	0	0.8574994282083636	0
0.205	0	0	0	0.857499445923519	0
0.21	0	0	0	0.8574993465899734	0
0.215	0	0	0	0.8574991022434335	0
0.22	0	0	0	0.8574986820385383	0
0.225	0	0	0	0.8574980524503654	0
0.23	0	0	0	0.8574971776133932	0
0.235	0	0	0	0.8574960198237922	0
0.24	0	0	0	0.8574945402326719	0
0.245	0	0	0	0.8574926997592629	0
0.25	0	0	0	0.8574904602538148	0
0.255	0	0	0	0.8574877859400745	0
0.26	0	0	0	0.8574846451663788	0
0.265	0	0	0	0.8574810124924345	0
0.27	0	0	0	0.8574768711355283	0
0.275	0	0	0	0.8574722157949544	0
0.28	0	0	0	0.8574670558665795	0
0.285	0	0	0	0.8574614190504137	0
0.29	0	0	0	0.8574553553424977	0
0.295	0	0	0	0.8574489413880697	0
0.3	0	0	0	0.8574422851555445	0
0.305	0	0	0	0.8574355308700331	0
0.31	0	0	0	0.8574288641207395	0
0.315	0	0	0	0.8574225170283747	0
0.32	0	0	0	0.8574167733266201	0
0.325	0	0	0	0.8574119731756107	0
0.33	0	0	0	0.8574085174854728	0
0.335	0	0	0	0.8574068714843746	0
0.34	0	0	0	0.8574075672187127	0
0.345	0	0	0	0.8574112046235806	0
0.35	0	0	0	0.8574184507503885	0
0.355	0	0	0	0.8574300366865552	0
0.36	0	0	0	0.8574467516510261	0
0.365	0	0	0	0.8574694337007924	0
0.37	0	0	0	0.8574989564398054	0
0.375	0	0	0	0.8575362110853519	0
0.38	0	0	0	0.8575820832211757	0
0.385	0	0	0	0.8576374235550343	0
0.39	0	0	0	0.8577030120050706	0
0.395	0	0	0	0.8577795144690243	0
0.4	0	0	0	0.8578674316880553	0
0.405	0	0	0	0.8579670397084672	0
0.41	0	0	0	0.8580783215759905	0
0.415	0	0	0	0.8582008900749862	0
0.42	0	0	0	0.8583339015556867	0
0.425	0	0	0	0.8584759611832651	0
0.43	0	0	0	0.8586250202999159	0
0.435	0	0	0	0.8587782670217468	0
0.44	0	0	0	0.8589320117020897	0
0.445	0	0	0	0.859081569486873	0
0.45	0	0	0	0.8592211428697181	0
0.455	0	0	0	0.8593437079264213	0
0.46	0	0	0	0.859440908770155	0
0.465	0	0	0	0.8595029657168824	0
0.47	0	0	0	0.8595186036783881	0
0.475	0	0	0	0.8594750083969355	0
0.48	0	0	0	0.8593578192847784	0
0.485	0	0	0	0.8591511688115042	0
0.49	0	0	0	0.8588377795636472	0
0.495	0	0	0	0.8583991312475989	0
0.5	0	0	0	0.8578157109733798	0
0.505	0	0	0	0.857067361088655	0
0.51	0	0	0	0.8561337395645136	0
0.515	0	0	0	0.8549949083910292	0
0.52	0	0	0	0.853632065533991	0
0.525	0	0	0	0.8520284356351113	0
0.53	0	0	0	0.8501703336952557	0
0.535	0	0	0	0.8480484143410211	0
0.54	0	0	0	0.8456591168057787	0
0.545	0	0	0	0.8430063123140741	0
0.55	0	0	0	0.8401031559925731	0
0.555	0	0	0	0.8369741395863112	0
0.5600000000000001	0	0	0	0.833657333979466	0
0.5650000000000001	0	0	0	0.8302068016522762	0
0.5700000000000001	-18.99603408558566	103.2042945721648	0	0.8266951486062859	0
0.5750000000000001	-23.19692081597767	132.2859897875542	0	0.8232134466419931	0
0.58	-27.86889900804821	163.7125068928405	0	0.8198623452775964	0
0.585	-32.94491363663311	196.2698373350027	0	0.8167357638940652	0
0.59	-38.3154656172247	228.7431378936614	0	0.813908913644689	0
0.595	-43.82929058488171	260.2240389484817	0	0.8114362028941647	0
0.6	-49.30929717717034	290.1716846900933	0	0.8093540862845369	0
0.605	-54.58268161823652	318.3363910490303	0	0.8076844810161756	0
0.61	-59.5156775378598	344.6977510864814	0	0.8064378372794274	0
0.615	-64.03604022869881	369.3984763591242	0	0.8056156668082103	0
0.62	-68.12897199620224	392.6680307915822	0	0.8052124276290888	0
0.625	-71.81133762302774	414.7763202143121	0	0.8052168338412815	0
0.63	-75.10415594440597	436.0112913427365	0	0.805612742743298	0
0.635	-78.01800634371779	456.6419744995231	0	0.8063797640869665	0
0.64	-80.55200560032803	476.8555051696616	0	0.8074937262782079	0
0.645	-82.69880338888414	496.694338686449	0	0.8089271682044892	0
0.65	-84.44818814036323	516.0343416650425	0	0.8106501640791021	0
0.655	-85.78774315239983	534.6304185246786	0	0.812631721020165	0
0.66	-86.70426845124757	552.2042785214634	0	0.8148414365011409	0
0.665	-87.18863673740174	568.5092861800728	0	0.8172508285663521	0
0.67	-87.24173532795693	583.3431077661288	0	0.8198342028250126	0
0.675	-86.87728053086393	596.5370154267446	0	0.8225692070725582	0
0.6799999999999999	-86.12050590708263	607.9537477676354	0	0.8254370655493797	0
0.6850000000000001	-85.00516504546341	617.495056562727	0	0.8284224852992079	0
0.6899999999999999	-83.57107086941537	625.1068169747022	0	0.8315133560171547	0
0.6950000000000001	-81.86235796163623	630.7773774751089	0	0.8347003459943249	0
0.7	-79.92593730537826	634.5319329574272	0	0.8379764507742872	0
0.7050000000000001	-77.81011943500312	636.4248556008675	0	0.8413365423657708	0
0.71	-75.56365521177683	636.5306503695464	0	0.8447769446461206	0
0.7150000000000001	-73.23513628901034	634.935834795847	0	0.848295034613689	0
0.72	-70.87226178178358	631.7349012496842	0	0.8518888366394564	0
0.7250000000000001	-68.52046363914322	627.0315544074729	0	0.8555565616193694	0
0.73	-66.22089707445218	620.9432293781382	0	0.8592960694833303	0
0.7350000000000001	-64.00839079668583	613.6055616406881	0	0.8631042736068384	0
0.74	-61.91009074479975	605.1746120604869	0	0.8669765510544661	0
0.745	-59.94507286972755	595.8258182275175	0	0.8709062457971306	0
0.75	-58.12465974439476	585.7495864625276	0	0.874884326995179	0
0.755	-56.45306182604001	575.1453119576885	0	0.8788992282846659	0
0.76	-54.92809849252951	564.2160803046834	0	0.8829368692804341	0
0.765	-53.54190355570385	553.1641825682957	0	0.8869808519723242	0
0.77	-52.28168634328342	542.1861629191885	0	0.8910128191965603	0
0.775	-51.13065485718015	531.4667054949141	0	0.8950129340213258	0
0.78	-50.06906013964627	521.1721330926945	0	0.898960420528515	0
0.785	-49.07521601978915	511.4454698712482	0	0.9028341298638589	0
0.79	-48.12640814416221	502.404229409973	0	0.9066131090695189	0
0.795	-47.19968866386233	494.1402462365838	0	0.9102771457458836	0
0.8	-46.27254651133049	486.7204301529383	0	0.9138072867356926	0
0.8049999999999999	-45.32347908590604	480.1880840719298	0	0.9171863325801032	0
0.8100000000000001	-44.33255645981669	474.5646952890218	0	0.9203992797578078	0
0.8149999999999999	-43.28199519053324	469.8517282430298	0	0.9234336850746597	0
0.8200000000000001	-42.15667798189745	466.0322624793681	0	0.9262799304870661	0
0.825	-40.94454628725163	463.0730418326163	0	0.9289313599232775	0
0.8300000000000001	-39.63677312504033	460.9272491152971	0	0.9313842844917265	0
0.835	-38.22769696218602	459.5374323633509	0	0.9336378742634514	0
0.8400000000000001	-36.71459747739535	458.8379668382491	0	0.9356939565355668	0
0.845	-35.09737893503745	458.7574726000551	0	0.9375567508244628	0
0.8500000000000001	-33.37817305463912	459.2218277900567	0	0.9392325678944727	0
0.855	-31.56082250041064	460.1574882887705	0	0.9407294874101683	0
0.8600000000000001	-29.65026560141297	461.4945541271269	0	0.9420570303533233	0
0.865	-27.65199424580893	463.1694350705511	0	0.9432258422529177	0
0.87	-25.5717083400012	465.1270017007521	0	0.9442473987892528	0
0.875	-23.41480242925075	467.3219199133022	0	0.9451337422475234	0
0.88	-21.18527895437717	469.7194556208691	0	0.9458972465604878	0
0.885	-18.88512241766313	472.2972329383049	0	0.9465503867958863	0
0.89	-16.51544569578222	475.0482948414452	0	0.9471055019868868	0
0.895	-14.0782663210692	477.9826007291859	0	0.9475745850037623	0
0.9	-11.57686255105917	481.1244770655613	0	0.9479691173760852	0
0.905	-9.014629962947243	484.5073964689521	0	0.9482999287076114	0
0.91	-6.393649406930074	488.1688725612993	0	0.9485770826695501	0
0.915	-3.713864450247749	492.1465585150158	0	0.9488098079095436	0
0.92	-0.973058969370666	496.4749258893979	0	0.949006467881635	0
0.925	1.832801066201701	501.1818096857812	0	0.9491745518530007	0
0.93	4.709410099247616	506.2852733423216	0	0.9493206874767436	0
0.9350000000000001	7.664164114299968	511.7917515479093	0	0.9494506890373631	0
0.9400000000000001	10.70598765996544	517.6960522367348	0	0.9495696265601532	0
0.9450000000000001	13.84475412237801	523.9831571353726	0	0.949681889334687	0
0.95	17.09050432880898	530.6307037150227	0	0.9497912531684432	0
0.9550000000000001	20.45270216027039	537.6108459446575	0	0.9499009599977483	0
0.96	23.93957237140463	544.891471543248	0	0.9500137951937826	0
0.9650000000000001	27.55751352239247	552.4373741141032	0	0.9501321485937868	0
0.97	31.31068262106191	560.2106493866651	0	0.950258054666736	0
0.9750000000000001	35.20080779196454	568.1693135833281	0	0.9503932252431457	0
0.98	39.22710470585544	576.2649154800182	0	0.9505390862601375	0
0.985	43.3861679290264	584.4400937593406	0	0.950696809713757	0
0.99	47.67185803994415	592.6261624595526	0	0.9508673342477797	0
0.995	52.07524003080415	600.7411587247408	0	0.9510513766828911	0
1	56.5845314356868	608.6891954192232	0	0.9512494441270373	0
1.005	61.18498290955259	616.3616823307593	0	0.9514618631144649	0
1.01	65.85871030619518	623.6402194827854	0	0.9516888237344934	0
1.015	70.5845584348338	630.4001468658148	0	0.9519304163382933	0
1.02	75.33801816720404	636.5135942218051	0	0.9521866515214964	0
1.025	80.09118435310241	641.8514207557166	0	0.9524574684666428	0
1.03	84.81276179659454	646.2836611053624	0	0.9527427344385606	0
1.035	89.46810128528199	649.6782049637912	0	0.9530422432327307	0
1.04	94.01918380069823	651.8987634142512	0	0.9533557207487994	0
1.045	98.42447072650015	652.8039895376459	0	0.9536828372727592	0
1.05	102.6386574440701	652.2480602313749	0	0.9540232310413793	0
1.055	106.6124987430987	650.0815204106987	0	0.9543765493203896	0
1.06	110.2928503607187	646.1518348828542	0	0.9547424949242443	0
1.065	113.622970281053	640.3039689214404	0	0.9551208611641882	0
1.07	116.54314384305	632.3809702380603	0	0.9555115561017832	0
1.075	118.9917351912913	622.2247907215285	0	0.9559146215214119	0
1.08	120.9066976418511	609.6786803434751	0	0.9563302363422919	0
1.085	122.2275599110187	594.5923359364881	0	0.9567586868143141	0
1.09	122.8979538801456	576.8300171407113	0	0.9572003031598204	0
1.095	122.8686943517798	556.2820316467473	0	0.9576553683091437	0
1.1	122.1013680247352	532.8806145251998	0	0.9581239914464162	0
1.105	120.572423561469	506.6202949926774	0	0.958605955712751	0
1.11	118.2777206643787	477.5813632256983	0	0.959100561236592	0
1.115	115.2374042587172	445.9552014048069	0	0.9596064488298734	0
1.12	111.5007458572749	412.0706032227034	0	0.9601213503923757	0
1.125	107.1501499036248	376.4161819561478	0	0.9606417515194305	0
1.13	102.303415896457	339.6488488195615	0	0.9611625703967159	0
1.135	97.11358535337129	302.5824307545134	0	0.9616769545291275	0
1.14	91.76562789375035	266.1593131588551	0	0.9621761499694904	0
1.145	86.46924539574441	231.4081171944794	0	0.9626494262582772	0
1.15	81.44735085686295	199.3853460820412	0	0.9630842657594677	0
1.155	76.91966206492528	171.1001608532667	0	0.9634671794652169	0
