14  13  0   0   0   0   0   0   16  0
2   7   0.440
2   1   0.500
2   3   0.436
3   4   0.430
2   5   0.436
5   6   0.430
7   8   0.433
8   9   0.433
9   10  0.500
10  11  0.500
7   12  0.433
12  13  0.433
13  14  0.500
14  15  0.500
1   2   -0.44   0   -0.500  0
1   3   -0.44   0   -0.436  0
1   5   -0.44   0   -0.436  0
1   7   0.660   0   -0.433  0
1   11  0.660   0   -0.433  0
3   4   0.564   0   -0.463  0
5   6   0.564   0   -0.463  0
7   8   0.567   0   -0.433  0
8   9   0.567   0   -0.500  0
9   10  0.500   0   -0.500  0 
11  12  0.567   0   -0.433  0
12  13  0.567   0   -0.500  0
13  14  0.500   0   -0.500  0 
4   1   0   2   0   0   0   0   4   0
4   1   0   3   0   0   0   0   4   1
4   1   0   5   0   0   0   0   4   2
4   1   0   7   0   0   0   0   4   3
4   1   0   11  0   0   0   0   4   4
4   3   0   4   0   0   0   0   4   5
4   5   0   6   0   0   0   0   4   6
4   7   0   8   0   0   0   0   4   7
4   8   0   9   0   0   0   0   4   8
4   9   0   10  0   0   0   0   4   9
4   11  0   12  0   0   0   0   4   10
4   12  0   13  0   0   0   0   4   11
4   13  0   14  0   0   0   0   4   12
3   1   1   0   0   0   0   0   4   13
3   1   2   0   0   0   0   0   4   14
3   1   3   0   0   0   0   0   4   15
