0	-0.275754492465295
0.00500000000000078	-0.277948862953783
0.00999999999999979	-0.280188108719993
0.0150000000000006	-0.282462454310457
0.0199999999999996	-0.284761589967133
0.0250000000000004	-0.287074770950198
0.0300000000000011	-0.289390877948191
0.0350000000000001	-0.29169843067326
0.0400000000000009	-0.293985577942285
0.0449999999999999	-0.296240078723103
0.0500000000000007	-0.298449313698553
0.0549999999999997	-0.300600375314079
0.0600000000000005	-0.302680202631536
0.0649999999999995	-0.304675692808263
0.0700000000000003	-0.30657378302825
0.0750000000000011	-0.308361507963132
0.0800000000000001	-0.310026015220925
0.0850000000000009	-0.311554571217166
0.0899999999999999	-0.312934643433002
0.0950000000000006	-0.314154070514689
0.0999999999999996	-0.315201214673844
0.105	-0.316065020135061
0.109999999999999	-0.316734998550075
0.115	-0.31720120254961
0.120000000000001	-0.317454252632476
0.125	-0.317485442792917
0.130000000000001	-0.317286875473791
0.135	-0.316851554914436
0.140000000000001	-0.316173427236955
0.145	-0.315247393292333
0.15	-0.31406930182598
0.155000000000001	-0.312635891304274
0.16	-0.310944645165547
0.165000000000001	-0.308993620430815
0.17	-0.306781373232623
0.175000000000001	-0.304307001020161
0.18	-0.30157020140396
0.185	-0.298571285495195
0.19	-0.295311171824301
0.195	-0.29179140518704
0.199999999999999	-0.288014205828572
0.205000000000002	-0.283982469801185
0.210000000000001	-0.279699676384354
0.215	-0.275169818548496
0.219999999999999	-0.270397439270691
0.225000000000001	-0.265387676607425
0.23	-0.260146197614325
0.234999999999999	-0.254679042328048
0.240000000000002	-0.248992507172503
0.245000000000001	-0.243093139159487
0.25	-0.236987779799049
0.254999999999999	-0.230683539565784
0.260000000000002	-0.224187667611326
0.265000000000001	-0.2175074114022
0.27	-0.210649920137357
0.274999999999999	-0.203622154997344
0.280000000000001	-0.196430825449223
0.285	-0.189082404729574
0.289999999999999	-0.181583191186948
0.295000000000002	-0.173939343452204
0.300000000000001	-0.166156916391635
0.305	-0.158241955039598
0.309999999999999	-0.150200609636943
0.315000000000001	-0.142039253301449
0.32	-0.133764611145208
0.324999999999999	-0.125383834741341
0.330000000000002	-0.116904472350507
0.335000000000001	-0.108334387532961
0.34	-0.0996817416187312
0.344999999999999	-0.0909551162008668
0.350000000000001	-0.0821637142750555
0.355	-0.0733174735839528
0.359999999999999	-0.0644270060784988
0.365000000000002	-0.0555034611253635
0.370000000000001	-0.0465584450314909
0.375	-0.0376040313088088
0.379999999999999	-0.0286527960549678
0.385000000000002	-0.0197178015577233
0.390000000000001	-0.0108125521369731
0.395	-0.00195096277078655
0.399999999999999	0.00685266195215828
0.405000000000001	0.0155836145610335
0.41	0.0242267622519137
0.414999999999999	0.0327666101015263
0.420000000000002	0.0411874403822159
0.425000000000001	0.0494734310648628
0.43	0.0576087356696107
0.434999999999999	0.0655775487647707
0.440000000000001	0.0733641508078202
0.445	0.0809529284064041
0.449999999999999	0.0883284186137958
0.455000000000002	0.0954754404597136
0.460000000000001	0.102379254100248
0.465	0.109025630208561
0.469999999999999	0.115400845947495
0.475000000000001	0.121491720818173
0.48	0.127285756603603
0.484999999999999	0.132771334917376
0.490000000000002	0.13793783878683
0.495000000000001	0.142775644238553
0.5	0.147276117150716
0.504999999999999	0.151431723381336
0.510000000000002	0.155236158105816
0.515000000000001	0.158684361797511
0.52	0.161772460181956
0.524999999999999	0.164497783698254
0.530000000000001	0.166858989692849
0.535	0.168856141978883
0.539999999999999	0.170490675623079
0.545000000000002	0.171765335548373
0.550000000000001	0.172684162517037
0.555	0.173252484648924
0.559999999999999	0.173476880158424
0.565000000000001	0.173365166693651
0.57	0.172926452722376
0.574999999999999	0.172171186448026
0.580000000000002	0.17111111286224
0.585000000000001	0.16975913548815
0.59	0.168129180676226
0.594999999999999	0.166236103923912
0.600000000000001	0.164095541563532
0.605	0.161723659726099
0.609999999999999	0.159136881447546
0.615000000000002	0.156351686639153
0.620000000000001	0.153384473424456
0.625	0.150251372214052
0.629999999999999	0.146967997601372
0.635000000000002	0.14354920672744
0.640000000000001	0.140008850341992
0.645	0.136359528779648
0.649999999999999	0.132612470504012
0.655000000000001	0.128777568531483
0.66	0.12486346494096
0.664999999999999	0.120877645872225
0.670000000000002	0.11682665147671
0.675000000000001	0.112716370405104
0.68	0.108552209109351
0.684999999999999	0.10433910320494
0.690000000000001	0.100081532548591
0.695	0.095783554310068
0.699999999999999	0.0914487479718415
0.705000000000002	0.087080097226238
0.710000000000001	0.0826799130223961
0.715	0.0782498072992981
0.719999999999999	0.0737906293112021
0.725000000000001	0.0693023122065668
0.73	0.0647837105408895
0.734999999999999	0.0602325570397912
0.740000000000002	0.0556455660052659
0.745000000000001	0.0510186015230536
0.75	0.0463468339300519
0.754999999999999	0.0416248956776464
0.760000000000002	0.0368471046097332
0.765000000000001	0.0320077474061025
0.77	0.0271012940722182
0.774999999999999	0.0221225116032544
0.780000000000001	0.0170666062591582
0.785	0.0119294043575664
0.789999999999999	0.00670745225859548
0.795000000000002	0.00139803718090903
0.800000000000001	-0.00400078625446287
0.805	-0.0094901304344468
0.809999999999999	-0.0150701450376642
0.815000000000001	-0.0207398458342496
0.82	-0.0264970491352292
0.824999999999999	-0.0323385110317842
0.830000000000002	-0.0382601892857739
0.835000000000001	-0.0442574955118378
0.84	-0.0503254463733356
0.844999999999999	-0.0564587046899101
0.850000000000001	-0.0626516144035216
0.855	-0.0688982972237593
0.859999999999999	-0.0751927869891933
0.865000000000002	-0.0815291910372622
0.870000000000001	-0.0879018428860636
0.875	-0.0943053800932576
0.879999999999999	-0.10073474294343
0.885000000000002	-0.107185126730397
0.890000000000001	-0.113651907124937
0.895	-0.120130562473422
0.899999999999999	-0.126616610250941
0.905000000000001	-0.133105525088023
0.91	-0.139592625134568
0.914999999999999	-0.1460730003583
0.920000000000002	-0.152541519572994
0.925000000000001	-0.158992831321198
0.93	-0.165421286432542
0.934999999999999	-0.171820838688143
0.940000000000001	-0.178185014647534
0.945	-0.184506956739888
0.949999999999999	-0.190779504470578
0.955000000000002	-0.196995309929313
0.960000000000001	-0.203146948392888
0.965	-0.209226940968421
0.969999999999999	-0.21522771857137
0.975000000000001	-0.221141659808555
0.98	-0.226961220362393
0.984999999999999	-0.232679073318096
0.990000000000002	-0.238288244774767
0.995000000000001	-0.243782211912555
1	-0.249154891562773
1.005	-0.254400557378761
1.01	-0.25951375938029
1.015	-0.264489256313642
1.02	-0.269322001347535
1.025	-0.27400722078815
1.03	-0.278540523667457
1.035	-0.282917967109418
1.04	-0.287136066491656
1.045	-0.291191780940945
1.05	-0.295082540441137
1.055	-0.298806309182408
1.06	-0.302361557318698
1.065	-0.30574709638071
1.07	-0.308961892311364
1.075	-0.312004953050449
1.08	-0.314875296809408
1.085	-0.317571986171691
1.09	-0.320094230779537
1.095	-0.322441516876315
1.1	-0.324613668128675
1.105	-0.326610838029113
1.11	-0.328433556352479
1.115	-0.33008288852382
1.12	-0.331560625183928
1.125	-0.332869426193979
1.13	-0.334012957476901
1.135	-0.334996076877352
1.14	-0.335825062218428
1.145	-0.336507836027706
1.15	-0.337054132408183
1.155	-0.337475552392412
