0	4.5747981448183
0.00499999999999901	4.57931544289367
0.00999999999999801	4.58394498169011
0.014999999999997	4.58866681042242
0.0199999999999996	4.593460209993
0.0249999999999986	4.59830397896169
0.0299999999999976	4.6031766671878
0.0350000000000001	4.60805673001274
0.0399999999999991	4.61292264533822
0.0449999999999982	4.61775307427314
0.0499999999999972	4.62252707465467
0.0549999999999997	4.62722429568236
0.0599999999999987	4.63182510343689
0.0649999999999977	4.63631066480212
0.0700000000000003	4.64066305857335
0.0749999999999993	4.64486542904521
0.0799999999999983	4.64890213125861
0.0849999999999973	4.65275884527064
0.0899999999999999	4.65642266616453
0.0949999999999989	4.65988215385041
0.0999999999999979	4.66312734596989
0.105	4.66614976231497
0.109999999999999	4.6689423790642
0.114999999999998	4.67149954387099
0.119999999999997	4.67381687994314
0.125	4.67589121489223
0.129999999999999	4.67772049843407
0.134999999999998	4.67930368480121
0.139999999999997	4.68064060274904
0.145	4.681731853057
0.149999999999999	4.68257875141427
0.154999999999998	4.68318330174947
0.16	4.6835481687487
0.164999999999999	4.68367662997975
0.169999999999998	4.68357253801677
0.174999999999997	4.68324033267898
0.18	4.68268508540828
0.184999999999999	4.68191253631672
0.189999999999998	4.68092913120927
0.195	4.67974209009271
0.199999999999999	4.67835948283424
0.204999999999998	4.67679025392941
0.209999999999997	4.67504419691518
0.215	4.67313191226295
0.219999999999999	4.67106475454799
0.224999999999998	4.66885475918883
0.23	4.66651454920057
0.234999999999999	4.66405724043161
0.239999999999998	4.66149635318787
0.244999999999997	4.65884572614078
0.25	4.65611945189055
0.254999999999999	4.65333184039903
0.259999999999998	4.65049737648802
0.264999999999997	4.64763065353917
0.27	4.64474629794222
0.274999999999999	4.64185889536213
0.279999999999998	4.63898290121054
0.285	4.63613250906653
0.289999999999999	4.63332150005778
0.294999999999998	4.63056313262384
0.299999999999997	4.62787010978084
0.305	4.62525462277942
0.309999999999999	4.62272843114261
0.314999999999998	4.62030292263436
0.32	4.6179891252173
0.324999999999999	4.61579767129374
0.329999999999998	4.6137387167608
0.334999999999997	4.61182184848568
0.34	4.61005604396024
0.344999999999999	4.60844968141083
0.349999999999998	4.6070105195267
0.355	4.60574560304317
0.359999999999999	4.60466112664325
0.364999999999998	4.60376229575402
0.369999999999997	4.60305319865391
0.375	4.60253669281659
0.379999999999999	4.60221431075503
0.384999999999998	4.60208619422443
0.389999999999997	4.60215103507473
0.395	4.60240598847339
0.399999999999999	4.6028465734592
0.404999999999998	4.60346659609816
0.41	4.60425810956093
0.414999999999999	4.60521143114956
0.419999999999998	4.6063152312207
0.424999999999997	4.60755666043296
0.43	4.60892146473185
0.434999999999999	4.61039409377381
0.439999999999998	4.61195786262247
0.445	4.6135951994602
0.449999999999999	4.61528792140464
0.454999999999998	4.61701745170128
0.459999999999997	4.61876498256902
0.465	4.62051165752825
0.469999999999999	4.62223880294984
0.474999999999998	4.62392817405368
0.48	4.62556218128389
0.484999999999999	4.62712410269515
0.489999999999998	4.62859829757197
0.494999999999997	4.62997040016901
0.5	4.63122746115398
0.504999999999999	4.6323580352954
0.509999999999998	4.63335223776728
0.514999999999997	4.63420181650611
0.52	4.63490026182693
0.524999999999999	4.63544288932346
0.529999999999998	4.63582683548706
0.535	4.63605097538774
0.539999999999999	4.63611577643356
0.544999999999998	4.63602309651243
0.549999999999997	4.63577597566054
0.555	4.63537846144481
0.559999999999999	4.63483543875324
0.564999999999998	4.63415241783584
0.57	4.63333531181981
0.574999999999999	4.63239031167712
0.579999999999998	4.6313238857599
0.584999999999997	4.63014280109412
0.59	4.62885410941348
0.594999999999999	4.62746514949888
0.599999999999998	4.62598361149276
0.605	4.62441763161052
0.609999999999999	4.62277588037374
0.614999999999998	4.62106766096003
0.619999999999997	4.61930301174054
0.625	4.61749276993679
0.629999999999999	4.61564858143044
0.634999999999998	4.61378287353701
0.639999999999997	4.61190880785009
0.645	4.61004020853957
0.649999999999999	4.60819146216509
0.654999999999998	4.60637739727577
0.66	4.6046131356467
0.664999999999999	4.60291392522022
0.669999999999998	4.60129499661731
0.674999999999997	4.59977145644746
0.68	4.5983581935758
0.684999999999999	4.59706976682437
0.689999999999998	4.59592026592749
0.695	4.59492316595579
0.699999999999999	4.59409118434529
0.704999999999998	4.59343614463207
0.709999999999997	4.59296886741664
0.715	4.5926990869884
0.719999999999999	4.5926353695468
0.724999999999998	4.59278503072386
0.73	4.59315406161383
0.734999999999999	4.59374707495168
0.739999999999998	4.59456729228864
0.744999999999997	4.59561655835716
0.75	4.59689533151543
0.754999999999999	4.59840263562777
0.759999999999998	4.60013600322836
0.764999999999997	4.60209142911855
0.77	4.60426332779113
0.774999999999999	4.60664448308044
0.779999999999998	4.60922599275223
0.785	4.6119972315318
0.789999999999999	4.61494585678643
0.794999999999998	4.61805785855009
0.799999999999997	4.62131765633373
0.805	4.62470824321336
0.809999999999999	4.6282113446528
0.814999999999998	4.63180756798178
0.82	4.63547655013598
0.824999999999999	4.63919711191102
0.829999999999998	4.64294743626475
0.834999999999997	4.64670529515319
0.84	4.6504483231525
0.844999999999999	4.65415430270816
0.849999999999998	4.65780142953604
0.855	4.66136857022686
0.859999999999999	4.66483551391848
0.864999999999998	4.6681831844836
0.869999999999997	4.67139380156792
0.875	4.67445098768732
0.879999999999999	4.67733982961436
0.884999999999998	4.68004694504726
0.889999999999997	4.68256060018106
0.895	4.68487086152106
0.899999999999999	4.6869697208504
0.904999999999998	4.68885115116428
0.91	4.69051107958241
0.914999999999999	4.69194728349297
0.919999999999998	4.69315924721356
0.924999999999997	4.69414800758638
0.93	4.6949159926553
0.934999999999999	4.69546685810366
0.939999999999998	4.69580532486796
0.945	4.69593703385398
0.949999999999999	4.69586844517266
0.954999999999998	4.69560678923845
0.959999999999997	4.69516006875726
0.965	4.69453711731276
0.969999999999999	4.69374767489716
0.974999999999998	4.69280239090168
0.98	4.69171274755904
0.984999999999999	4.69049099256151
0.989999999999998	4.68915010634653
0.994999999999997	4.68770375469734
1	4.68616619953573
1.005	4.68455219341291
1.01	4.68287689217129
1.015	4.68115576351022
1.02	4.67940446940683
1.025	4.67763875644947
1.03	4.67587435657987
1.035	4.67412686349223
1.04	4.67241159889688
1.045	4.67074348592261
1.05	4.66913691142421
1.055	4.66760558775048
1.06	4.66616245038934
1.065	4.66481962028091
1.07	4.66358841090923
1.075	4.66247931603968
1.08	4.66150196207499
1.085	4.66066504946741
1.09	4.65997629985392
1.095	4.65944241036274
1.1	4.65906899735946
1.105	4.65886053937764
1.11	4.65882034453792
1.115	4.65895052253592
1.12	4.65925193989899
1.125	4.65972418195967
1.13	4.66036552383378
1.135	4.66117286495503
1.14	4.66214161898948
1.145	4.66326562615204
1.15	4.66453714498221
1.155	4.66594689487408
1.16	4.66748409382028
1.165	4.66913648300358
1.17	4.67089038114608
1.175	4.67273081815778
1.18	4.67464171760201
1.185	4.67660606359686
1.19	4.67860605802762
1.195	4.68062328955056
1.2	4.68263891519794
1.205	4.68463387576344
1.21	4.68658915879306
1.215	4.68848608986525
1.22	4.69030663881929
1.225	4.69203374696483
1.23	4.69365168200618
1.235	4.69514642689673
1.24	4.69650608081102
1.245	4.69772122169518
1.25	4.69878522355034
1.255	4.69969454456398
1.26	4.70044898214208
1.265	4.7010519384061
