0	-0.277476905661183
0.00499999999999901	-0.284463705378192
0.00999999999999801	-0.292114804929861
0.014999999999997	-0.300449107619769
0.0199999999999996	-0.309481328396354
0.0249999999999986	-0.319221274282771
0.0299999999999976	-0.329673176958019
0.0350000000000001	-0.340835068255085
0.0399999999999991	-0.352698203127918
0.0449999999999982	-0.365246445713032
0.0499999999999972	-0.378455590671505
0.0549999999999997	-0.392292718347859
0.0599999999999987	-0.406715648234673
0.0649999999999977	-0.42167247928909
0.0700000000000003	-0.437101213213077
0.0749999999999993	-0.452929508112125
0.0799999999999983	-0.469074758264575
0.0849999999999973	-0.485444861723682
0.0899999999999999	-0.501939919202706
0.0949999999999989	-0.518454700284904
0.0999999999999979	-0.534881421383991
0.105	-0.551112395803015
0.109999999999999	-0.567042305998885
0.114999999999998	-0.582570097208169
0.119999999999997	-0.597600602860326
0.125	-0.612045899638202
0.129999999999999	-0.625826298345697
0.134999999999998	-0.638870914285702
0.139999999999997	-0.651117797165597
0.145	-0.662513643242114
0.149999999999999	-0.673013231451382
0.154999999999998	-0.682578759967737
0.16	-0.691179158419147
0.164999999999999	-0.698789406355266
0.169999999999998	-0.705389863749031
0.174999999999997	-0.710965585208049
0.18	-0.715505656160281
0.184999999999999	-0.71900265810446
0.189999999999998	-0.721452336649275
0.195	-0.722853444723981
0.199999999999999	-0.723207702678937
0.204999999999998	-0.722519901699114
0.209999999999997	-0.720798119710854
0.215	-0.71805387382254
0.219999999999999	-0.714302175383608
0.224999999999998	-0.709561666527789
0.23	-0.703854902109011
0.234999999999999	-0.697208645291094
0.239999999999998	-0.689654079646586
0.244999999999997	-0.681226936459187
0.25	-0.671967545063604
0.254999999999999	-0.661920823703149
0.259999999999998	-0.651136264099684
0.264999999999997	-0.639667971754366
0.27	-0.627574765731763
0.274999999999999	-0.614920286144876
0.279999999999998	-0.601773092128912
0.285	-0.588206773321572
0.289999999999999	-0.574300045783153
0.294999999999998	-0.560136717393929
0.299999999999997	-0.545805424691976
0.305	-0.531399183653339
0.309999999999999	-0.517014848123127
0.314999999999998	-0.502752478192188
0.32	-0.488714674415154
0.324999999999999	-0.475006053314207
0.329999999999998	-0.461732944276258
0.334999999999997	-0.449003188739618
0.34	-0.436925760684924
0.344999999999999	-0.425610025078
0.349999999999998	-0.415164854764631
0.355	-0.405697909459251
0.359999999999999	-0.397315042984643
0.364999999999998	-0.390119716285791
0.369999999999997	-0.384212408869602
0.375	-0.379689991875983
0.379999999999999	-0.376645003209309
0.384999999999998	-0.375164823350181
0.389999999999997	-0.375330808468385
0.395	-0.377217373211947
0.399999999999999	-0.380890891118524
0.404999999999998	-0.386408367981759
0.41	-0.393815979517081
0.414999999999999	-0.403147569573188
0.419999999999998	-0.414423248115355
0.424999999999997	-0.427648256513281
0.43	-0.442812199943114
0.434999999999999	-0.459888617356611
0.439999999999998	-0.478834767956184
0.445	-0.499591591417147
0.449999999999999	-0.522083890996502
0.454999999999998	-0.546220789218402
0.459999999999997	-0.571896434537912
0.465	-0.598990911989812
0.469999999999999	-0.627371459787293
0.474999999999998	-0.656894023981347
0.48	-0.687404926826431
0.484999999999999	-0.718742551781657
0.489999999999998	-0.750739093719939
0.494999999999997	-0.783222302380139
0.5	-0.816017250282849
0.504999999999999	-0.848948174984216
0.509999999999998	-0.881840136552439
0.514999999999997	-0.914520314571502
0.52	-0.946819181465159
0.524999999999999	-0.978571748288421
0.529999999999998	-1.00961870004407
0.535	-1.03980715153175
0.539999999999999	-1.06899098313559
0.544999999999998	-1.0970308725611
0.549999999999997	-1.12379407850753
0.555	-1.14915399648617
0.559999999999999	-1.17298961783427
0.564999999999998	-1.19518508822365
0.57	-1.21562945780334
0.574999999999999	-1.23421650385213
0.579999999999998	-1.2508445530797
0.584999999999997	-1.26541651194295
0.59	-1.27784016684393
0.594999999999999	-1.28802850160442
0.599999999999998	-1.29590000092968
0.605	-1.30137914147481
0.609999999999999	-1.30439711207931
0.614999999999998	-1.30489275029141
0.619999999999997	-1.30281371507317
0.625	-1.29811786419807
0.629999999999999	-1.29077488989075
0.634999999999998	-1.28076830313697
0.639999999999997	-1.2680977057935
0.645	-1.25278123148273
0.649999999999999	-1.23485801871359
0.654999999999998	-1.21439046662175
0.66	-1.19146602791266
0.664999999999999	-1.16619841896413
0.669999999999998	-1.13872816748973
0.674999999999997	-1.1092224663835
0.68	-1.0778743448513
0.684999999999999	-1.04490095656601
0.689999999999998	-1.01054071499213
0.695	-0.975049391008106
0.699999999999999	-0.938695565013739
0.704999999999998	-0.901755716065185
0.709999999999997	-0.864509060693783
0.715	-0.827232353575179
0.719999999999999	-0.790195027226019
0.724999999999998	-0.753654968343375
0.73	-0.717855105658512
0.734999999999999	-0.683020838820533
0.739999999999998	-0.649358190899662
0.744999999999997	-0.617052625545158
0.75	-0.586268541385693
0.754999999999999	-0.557149387739461
0.759999999999998	-0.529818260406717
0.764999999999997	-0.504378797054856
0.77	-0.480916200614021
0.774999999999999	-0.459498258365524
0.779999999999998	-0.44017627160143
0.785	-0.422985855030637
0.789999999999999	-0.407947621762666
0.794999999999998	-0.3950678087857
0.799999999999997	-0.384338849343349
0.805	-0.375739858054001
0.809999999999999	-0.369237009792944
0.814999999999998	-0.3647838632014
0.82	-0.362321761486886
0.824999999999999	-0.361780280038332
0.829999999999998	-0.363077534247166
0.834999999999997	-0.366120328144572
0.84	-0.370804230688867
0.844999999999999	-0.377013644260995
0.849999999999998	-0.384621964039561
0.855	-0.393491898599998
0.859999999999999	-0.403476002023852
0.864999999999998	-0.414417612522386
0.869999999999997	-0.42615254697951
0.875	-0.438511701285339
0.879999999999999	-0.451324219988236
0.884999999999998	-0.46442067934959
0.889999999999997	-0.477635978840548
0.895	-0.490811977864547
0.899999999999999	-0.503799911307185
0.904999999999998	-0.516462458235484
0.91	-0.528675354993952
0.914999999999999	-0.540328455935302
0.919999999999998	-0.551326176786579
0.924999999999997	-0.561587380319042
0.93	-0.571044788942927
0.934999999999999	-0.579644115273331
0.939999999999998	-0.587343229119027
0.945	-0.594111472916303
0.949999999999999	-0.599929011463795
0.954999999999998	-0.604786111425542
0.959999999999997	-0.608682254066967
0.965	-0.611625018083986
0.969999999999999	-0.613628871346067
0.974999999999998	-0.614714177817601
0.98	-0.614906588210111
0.984999999999999	-0.614236694303448
0.989999999999998	-0.612739781056452
0.994999999999997	-0.610455671719394
1	-0.607428701482877
1.005	-0.603707754710686
1.01	-0.599346279224814
1.015	-0.594402256965149
1.02	-0.588938107560936
1.025	-0.583020498689457
1.03	-0.576720081565604
1.035	-0.570111171002503
1.04	-0.563271369894067
1.045	-0.556281130921626
1.05	-0.549223341032508
1.055	-0.542183027164714
1.06	-0.535246932652028
1.065	-0.528502690391432
1.07	-0.522037887413164
1.075	-0.515939350623358
1.08	-0.510292576064833
1.085	-0.505181254713643
1.09	-0.500686768517531
1.095	-0.496887275870258
1.1	-0.49385639458681
1.105	-0.491661986680971
1.11	-0.49036529479556
1.115	-0.49002011416303
1.12	-0.490671712428521
1.125	-0.492355693983854
1.13	-0.495097027489588
1.135	-0.498909209194948
1.14	-0.503793558034324
1.145	-0.509738659838702
1.15	-0.516719997526391
1.155	-0.524699863378629
1.16	-0.533627525728499
1.165	-0.543439537841449
1.17	-0.554060150316561
1.175	-0.565401832349452
1.18	-0.577365967488117
1.185	-0.589843774992055
1.19	-0.602717414184338
1.195	-0.615861290426357
1.2	-0.629143652147484
1.205	-0.642428473268642
1.21	-0.655577544230813
1.215	-0.66845278549599
1.22	-0.680918802083161
1.225	-0.692845551281104
1.23	-0.704110998765614
1.235	-0.714603744731534
1.24	-0.724225620642071
1.245	-0.732894246956497
1.25	-0.740545574371386
1.255	-0.747136486992714
1.26	-0.752647581629207
1.265	-0.757086171543407
