0	-5.65584804786414
0.00500000000000078	-5.64581785708707
0.00999999999999979	-5.63504456997589
0.0150000000000006	-5.62358483266805
0.0199999999999996	-5.61150260949829
0.0250000000000004	-5.598869018561
0.0300000000000011	-5.58576129779435
0.0350000000000001	-5.57226105738384
0.0400000000000009	-5.55845254004074
0.0449999999999999	-5.54442133163772
0.0500000000000007	-5.53025334386868
0.0549999999999997	-5.51603378402227
0.0600000000000005	-5.50184619039898
0.0649999999999995	-5.48777177069872
0.0700000000000003	-5.47388885734881
0.0750000000000011	-5.46027204914999
0.0800000000000001	-5.44699131551897
0.0850000000000009	-5.43411208524332
0.0899999999999999	-5.42169687229394
0.0950000000000006	-5.4098075216958
0.0999999999999996	-5.39850607589902
0.105	-5.38785291985546
0.109999999999999	-5.37790309572194
0.115	-5.3687032054994
0.120000000000001	-5.36029036398511
0.125	-5.35269263043205
0.130000000000001	-5.34592964630385
0.135	-5.34001283194684
0.140000000000001	-5.33494530288457
0.145	-5.33072222355707
0.15	-5.3273320231134
0.155000000000001	-5.32475800924296
0.16	-5.32297969498679
0.165000000000001	-5.32197364685355
0.17	-5.32171401506148
0.175000000000001	-5.32217295089656
0.18	-5.32332102960251
0.185	-5.32512752816963
0.19	-5.32756044499818
0.195	-5.3305865452782
0.199999999999999	-5.33417162972516
0.205000000000002	-5.33828085121885
0.210000000000001	-5.34287892050526
0.215	-5.34793028530074
0.219999999999999	-5.35339933053103
0.225000000000001	-5.3592504432597
0.23	-5.36544798482332
0.234999999999999	-5.37195636004779
0.240000000000002	-5.37874008281478
0.245000000000001	-5.38576377260024
0.25	-5.39299220113965
0.254999999999999	-5.4003903091478
0.260000000000002	-5.40792313897811
0.265000000000001	-5.41555586031985
0.27	-5.42325391167349
0.274999999999999	-5.43098309690011
0.280000000000001	-5.4387096133236
0.285	-5.4464001205352
0.289999999999999	-5.45402193031924
0.295000000000002	-5.46154327317981
0.300000000000001	-5.46893349194406
0.305	-5.47616312696733
0.309999999999999	-5.48320394897811
0.315000000000001	-5.49002895992239
0.32	-5.49661243386281
0.324999999999999	-5.50293000689471
0.330000000000002	-5.50895874598598
0.335000000000001	-5.51467718542455
0.34	-5.52006531147495
0.344999999999999	-5.52510451257502
0.350000000000001	-5.52977756357935
0.355	-5.53406861178289
0.359999999999999	-5.53796310844331
0.365000000000002	-5.54144775484889
0.370000000000001	-5.54451053073624
0.375	-5.54714077311956
0.379999999999999	-5.54932925297702
0.385000000000002	-5.55106817114655
0.390000000000001	-5.55235099904473
0.395	-5.55317225065599
0.399999999999999	-5.55352737603641
0.405000000000001	-5.55341277331333
0.41	-5.55282569883245
0.414999999999999	-5.55176398891984
0.420000000000002	-5.5502257791428
0.425000000000001	-5.5482093651501
0.43	-5.54571314462797
0.434999999999999	-5.54273563894274
0.440000000000001	-5.53927569267235
0.445	-5.53533274244083
0.449999999999999	-5.53090687744043
0.455000000000002	-5.52599868372381
0.460000000000001	-5.52060917670114
0.465	-5.514739967142
0.469999999999999	-5.50839349950469
0.475000000000001	-5.5015731581486
0.48	-5.49428322950146
0.484999999999999	-5.4865289622992
0.490000000000002	-5.47831686500295
0.495000000000001	-5.46965503612758
0.5	-5.46055340833677
0.504999999999999	-5.4510240650524
0.510000000000002	-5.44108169811619
0.515000000000001	-5.43074407888212
0.52	-5.42003241060073
0.524999999999999	-5.40897155356473
0.530000000000001	-5.39759032799109
0.535	-5.38592215837026
0.539999999999999	-5.37400602381192
0.545000000000002	-5.36188737983379
0.550000000000001	-5.34961868556552
0.555	-5.33725943972726
0.559999999999999	-5.32487626668388
0.565000000000001	-5.31254364360602
0.57	-5.30034496832096
0.574999999999999	-5.28837352244107
0.580000000000002	-5.27673322174106
0.585000000000001	-5.26553868013421
0.59	-5.25491422261318
0.594999999999999	-5.24499242670162
0.600000000000001	-5.23591282966758
0.605	-5.22781986179297
0.609999999999999	-5.22085863089347
0.615000000000002	-5.21516898603414
0.620000000000001	-5.21087906298034
0.625	-5.20809874673061
0.629999999999999	-5.2069130403084
0.635000000000002	-5.20737565019951
0.640000000000001	-5.20950359346333
0.645	-5.21327352393009
0.649999999999999	-5.21862011441955
0.655000000000001	-5.22543672383862
0.66	-5.23357867724794
0.664999999999999	-5.24286932988622
0.670000000000002	-5.25310868806055
0.675000000000001	-5.26408398997313
0.68	-5.27558065556707
0.684999999999999	-5.28739175405712
0.690000000000001	-5.29932541292085
0.695	-5.3112103459976
0.699999999999999	-5.32289945424351
0.705000000000002	-5.33427097142339
0.710000000000001	-5.34522690415713
0.715	-5.35568966437601
0.719999999999999	-5.36559860508263
0.725000000000001	-5.37490765691844
0.73	-5.38358355745337
0.734999999999999	-5.39160385491026
0.740000000000002	-5.39895507864664
0.745000000000001	-5.40563161775551
0.75	-5.41163508082823
0.754999999999999	-5.41697358099209
0.760000000000002	-5.42166081840331
0.765000000000001	-5.42571475527755
0.77	-5.42915563675584
0.774999999999999	-5.43200453996225
0.780000000000001	-5.43428359479775
0.785	-5.43601702076179
0.789999999999999	-5.43723153942618
0.795000000000002	-5.43795606947458
0.800000000000001	-5.43822173171356
0.805	-5.43806280337095
0.809999999999999	-5.43751917371543
0.815000000000001	-5.43664002194357
0.82	-5.43548615910346
0.824999999999999	-5.43412960827593
0.830000000000002	-5.43265217588292
0.835000000000001	-5.43114466760105
0.84	-5.42970646015671
0.844999999999999	-5.42844433653241
0.850000000000001	-5.42746980499663
0.855	-5.42689497585835
0.859999999999999	-5.42682780267567
0.865000000000002	-5.42736730324223
0.870000000000001	-5.42859887134869
0.875	-5.4305900374377
0.879999999999999	-5.43338731052748
0.885000000000002	-5.43701409577789
0.890000000000001	-5.44146941131692
0.895	-5.44672791731153
0.899999999999999	-5.45274182066045
0.905000000000001	-5.45944377559218
0.91	-5.4667496692788
0.914999999999999	-5.47456193925249
0.920000000000002	-5.48277411863382
0.925000000000001	-5.49127569322767
0.93	-5.49995610186649
0.934999999999999	-5.508707738726
0.940000000000001	-5.51742852997868
0.945	-5.52602416931241
0.949999999999999	-5.53440963943686
0.955000000000002	-5.54250994390394
0.960000000000001	-5.55026013817157
0.965	-5.5576047997601
0.969999999999999	-5.56449691902811
0.975000000000001	-5.57089629810683
0.98	-5.57676805887905
0.984999999999999	-5.58208139728924
0.990000000000002	-5.58680808340834
0.995000000000001	-5.59092076543544
1	-5.59439201325651
1.005	-5.59719488888258
1.01	-5.59930463368309
1.015	-5.60070022898765
1.02	-5.6013651279416
1.025	-5.60128765238303
1.03	-5.60046181824903
1.035	-5.59888875514252
1.04	-5.59657828810066
1.045	-5.59354999208156
1.05	-5.58983349085326
1.055	-5.58546843885219
1.06	-5.58050457363744
1.065	-5.5750015383374
1.07	-5.56902790742018
1.075	-5.56265942503162
1.08	-5.5559771913094
1.085	-5.54906644005734
1.09	-5.54201561398948
1.095	-5.53491504604153
1.1	-5.52785490404994
1.105	-5.52092271012755
1.11	-5.51420158839911
1.115	-5.50776965630352
1.12	-5.50169908348446
1.125	-5.49605393754131
1.13	-5.49088803439728
1.135	-5.48624387410835
1.14	-5.48215244233828
1.145	-5.47863321344117
1.15	-5.47569368533732
1.155	-5.47332811161152
