0	-0.16203864231537
0.00500000000000078	-0.15710281393738
0.00999999999999979	-0.151956111333736
0.0150000000000006	-0.146608353191337
0.0199999999999996	-0.141069929791916
0.0250000000000004	-0.135351662557612
0.0300000000000011	-0.129464690326915
0.0350000000000001	-0.123420371584009
0.0400000000000009	-0.117230191995569
0.0449999999999999	-0.110905684316604
0.0500000000000007	-0.104458365277726
0.0549999999999997	-0.0978996800211724
0.0600000000000005	-0.0912409484741571
0.0649999999999995	-0.0844933171966135
0.0700000000000003	-0.0776677185133573
0.0750000000000011	-0.0707748374194261
0.0800000000000001	-0.0638250833110128
0.0850000000000009	-0.0568285563361116
0.0899999999999999	-0.0497950029857568
0.0950000000000006	-0.0427337678803925
0.0999999999999996	-0.0356537513911999
0.105	-0.0285633749806788
0.109999999999999	-0.021470552006293
0.115	-0.0143826627177821
0.120000000000001	-0.00730652944003275
0.125	-0.000248390082645307
0.130000000000001	0.00678612264348446
0.135	0.0137919871346116
0.140000000000001	0.0207647845596507
0.145	0.027700683635771
0.15	0.0345964209361626
0.155000000000001	0.041449273504471
0.16	0.048257021924307
0.165000000000001	0.0550179116689249
0.17	0.0617306239332803
0.175000000000001	0.0683942512836895
0.18	0.0750082695596537
0.185	0.0815725121375134
0.19	0.0880871470586685
0.195	0.0945526479251514
0.199999999999999	0.100969759558718
0.205000000000002	0.10733946011346
0.210000000000001	0.113662920532686
0.215	0.119941471697197
0.219999999999999	0.12617657999714
0.225000000000001	0.132369821558122
0.23	0.138522855888718
0.234999999999999	0.14463740465103
0.240000000000002	0.150715235932311
0.245000000000001	0.156758155006209
0.25	0.16276800451611
0.254999999999999	0.16874666271981
0.260000000000002	0.174696020875874
0.265000000000001	0.180617944852826
0.27	0.186514236209204
0.274999999999999	0.192386598895071
0.280000000000001	0.198236624863175
0.285	0.204065809450692
0.289999999999999	0.209875584959008
0.295000000000002	0.215667347985163
0.300000000000001	0.221442469248818
0.305	0.227202295052876
0.309999999999999	0.232948149694123
0.315000000000001	0.238681343214374
0.32	0.244403185344117
0.324999999999999	0.250114998985307
0.330000000000002	0.255818125728922
0.335000000000001	0.261513922599058
0.34	0.267203760998488
0.344999999999999	0.272889036100658
0.350000000000001	0.27857117651613
0.355	0.284251639165795
0.359999999999999	0.289931886505016
0.365000000000002	0.295613364845148
0.370000000000001	0.301297504591178
0.375	0.306985734943828
0.379999999999999	0.312679494860461
0.385000000000002	0.318380237087802
0.390000000000001	0.324089430637889
0.395	0.329808563356283
0.399999999999999	0.335539140977148
0.405000000000001	0.341282683454785
0.41	0.34704072577261
0.414999999999999	0.352814820864356
0.420000000000002	0.358606533135746
0.425000000000001	0.364417423176942
0.43	0.370249033788926
0.434999999999999	0.376102881836611
0.440000000000001	0.38198045748121
0.445	0.387883227177173
0.449999999999999	0.393812626720294
0.455000000000002	0.399770039351734
0.460000000000001	0.405756774908184
0.465	0.411774063347225
0.469999999999999	0.417823055601722
0.475000000000001	0.423904816431769
0.48	0.430020303221118
0.484999999999999	0.436170342394528
0.490000000000002	0.442355617423609
0.495000000000001	0.448576663771825
0.5	0.454833861184696
0.504999999999999	0.461127426129886
0.510000000000002	0.467457409544514
0.515000000000001	0.473823700964322
0.52	0.480226036176288
0.524999999999999	0.486664000379821
0.530000000000001	0.493137024454913
0.535	0.499644382297303
0.539999999999999	0.506185195132769
0.545000000000002	0.512758438644224
0.550000000000001	0.519362944729307
0.555	0.525997396208302
0.559999999999999	0.532660318277518
0.565000000000001	0.539350067668234
0.57	0.546064817913415
0.574999999999999	0.552802540418244
0.580000000000002	0.559560985978827
0.585000000000001	0.566337676650316
0.59	0.573129915967208
0.594999999999999	0.579934819544546
0.600000000000001	0.586749358819056
0.605	0.593570404877402
0.609999999999999	0.600394766059549
0.615000000000002	0.6072192132521
0.620000000000001	0.614040490431353
0.625	0.620855326650765
0.629999999999999	0.627660457666212
0.635000000000002	0.634452653715501
0.640000000000001	0.641228762045217
0.645	0.647985758764194
0.649999999999999	0.654720785029714
0.655000000000001	0.661431162264615
0.66	0.668114403648018
0.664999999999999	0.674768228193323
0.670000000000002	0.68139056322382
0.675000000000001	0.687979532557718
0.68	0.694533451903372
0.684999999999999	0.701050843399313
0.690000000000001	0.707530453273777
0.695	0.71397125752697
0.699999999999999	0.720372461795634
0.705000000000002	0.726733500057899
0.710000000000001	0.733054024422287
0.715	0.739333888220699
0.719999999999999	0.745573138966178
0.725000000000001	0.751772025801234
0.73	0.757931004638224
0.734999999999999	0.764050726857088
0.740000000000002	0.770132016020478
0.745000000000001	0.776175844991989
0.75	0.782183316968707
0.754999999999999	0.788155645055415
0.760000000000002	0.79409413118762
0.765000000000001	0.80000015449331
0.77	0.805875174671037
0.774999999999999	0.811720737529046
0.780000000000001	0.817538468572368
0.785	0.823330070755242
0.789999999999999	0.829097343925081
0.795000000000002	0.834842203521278
0.800000000000001	0.840566674908563
0.805	0.846272873192327
0.809999999999999	0.851962977768816
0.815000000000001	0.857639201237557
0.82	0.863303765426363
0.824999999999999	0.868958893133049
0.830000000000002	0.874606805325697
0.835000000000001	0.880249717773067
0.84	0.885889839465329
0.844999999999999	0.891529372673362
0.850000000000001	0.89717051652034
0.855	0.902815471625084
0.859999999999999	0.908466439932206
0.865000000000002	0.914125619492819
0.870000000000001	0.919795189233734
0.875	0.925477287197395
0.879999999999999	0.931174003463645
0.885000000000002	0.936887390789874
0.890000000000001	0.942619471025693
0.895	0.948372226542879
0.899999999999999	0.954147583342003
0.905000000000001	0.959947386099405
0.91	0.965773365663718
0.914999999999999	0.971627114628429
0.920000000000002	0.977510079445532
0.925000000000001	0.983423556037931
0.93	0.989368672850039
0.934999999999999	0.99534635819792
0.940000000000001	1.00135729918919
0.945	1.00740190045566
0.949999999999999	1.01348024751673
0.955000000000002	1.01959207542849
0.960000000000001	1.02573673768528
0.965	1.03191316925442
0.969999999999999	1.03811984618867
0.975000000000001	1.0443547508663
0.98	1.05061534761802
0.984999999999999	1.0568985649463
0.990000000000002	1.06320077318528
0.995000000000001	1.06951774544428
1	1.07584460259352
1.005	1.08217575510867
1.01	1.0885048516148
1.015	1.09482474193188
1.02	1.1011274610898
1.025	1.10740422676015
1.03	1.11364543323418
1.035	1.11984063838817
1.04	1.12597855754629
1.045	1.1320470764103
1.05	1.13803328315165
1.055	1.14392351450294
1.06	1.14970341069281
1.065	1.15535797871049
1.07	1.16087167261936
1.075	1.16622849636703
1.08	1.17141212402672
1.085	1.17640604038797
1.09	1.18119371550314
1.095	1.18575881465459
1.1	1.19008543088389
1.105	1.19415833986337
1.11	1.19796329364477
1.115	1.20148735221146
1.12	1.20471923485615
1.125	1.20764969964757
1.13	1.21027197373401
1.135	1.21258222444627
1.14	1.21458004750064
1.145	1.21626897741415
1.15	1.21765704081147
1.155	1.21875735511612
