0	0.69997366062104
0.00500000000000078	0.699798171562117
0.00999999999999979	0.699650205879245
0.0150000000000006	0.699539364293232
0.0199999999999996	0.699474643074447
0.0250000000000004	0.699464331419218
0.0300000000000011	0.699515890422345
0.0350000000000001	0.699635724699318
0.0400000000000009	0.699828892081235
0.0449999999999999	0.700098854136841
0.0500000000000007	0.700447334190036
0.0549999999999997	0.700874318705146
0.0600000000000005	0.701378145262929
0.0649999999999995	0.701955591125075
0.0700000000000003	0.702602007165444
0.0750000000000011	0.703311507342621
0.0800000000000001	0.704077117432364
0.0850000000000009	0.704890924824639
0.0899999999999999	0.705744358769018
0.0950000000000006	0.706628615950076
0.0999999999999996	0.707535159275755
0.105	0.708456152397153
0.109999999999999	0.709384667711899
0.115	0.710314667770415
0.120000000000001	0.711240944008223
0.125	0.712159111642909
0.130000000000001	0.713065573241196
0.135	0.71395739079764
0.140000000000001	0.714832123967388
0.145	0.715687669635698
0.15	0.716522058986595
0.155000000000001	0.717333262317594
0.16	0.718119183162031
0.165000000000001	0.718877856526378
0.17	0.719607609053977
0.175000000000001	0.7203070124292
0.18	0.720974731091157
0.185	0.72160943057864
0.19	0.722209747659172
0.195	0.722774237709673
0.199999999999999	0.723301308663226
0.205000000000002	0.723789203917412
0.210000000000001	0.724236089738455
0.215	0.724640322125011
0.219999999999999	0.725000881919335
0.225000000000001	0.725317804199575
0.23	0.725592372414408
0.234999999999999	0.725826960916316
0.240000000000002	0.726024655847614
0.245000000000001	0.72618891970313
0.25	0.726323397529293
0.254999999999999	0.726431757958236
0.260000000000002	0.726517491593697
0.265000000000001	0.726583681943085
0.27	0.726632768307207
0.274999999999999	0.726666355382682
0.280000000000001	0.72668513551437
0.285	0.72668889932646
0.289999999999999	0.726676600293278
0.295000000000002	0.726646452693822
0.300000000000001	0.726595970945836
0.305	0.726521933886403
0.309999999999999	0.726420411266365
0.315000000000001	0.72628691117865
0.32	0.726116545505602
0.324999999999999	0.725904120524262
0.330000000000002	0.725644160654934
0.335000000000001	0.725330933011581
0.34	0.724958546097437
0.344999999999999	0.724521113299664
0.350000000000001	0.724012882388187
0.355	0.723428297303972
0.359999999999999	0.72276202512776
0.365000000000002	0.722008921603567
0.370000000000001	0.721163927431144
0.375	0.72022200415001
0.379999999999999	0.719178189877739
0.385000000000002	0.718027688664193
0.390000000000001	0.716765864157673
0.395	0.715388127346731
0.399999999999999	0.713889778252935
0.405000000000001	0.712265834517775
0.41	0.710510898410051
0.414999999999999	0.708619148514221
0.420000000000002	0.70658447308954
0.425000000000001	0.704400656933503
0.43	0.702061507169157
0.434999999999999	0.699560913562713
0.440000000000001	0.696892980616349
0.445	0.694052284425785
0.449999999999999	0.691034112593894
0.455000000000002	0.687834585181104
0.460000000000001	0.68445067780943
0.465	0.680880200928639
0.469999999999999	0.677121837715446
0.475000000000001	0.673175293495595
0.48	0.66904152433402
0.484999999999999	0.664723000397479
0.490000000000002	0.660223875895181
0.495000000000001	0.655549966584319
0.5	0.650708652951803
0.504999999999999	0.645708853968224
0.510000000000002	0.64056103101232
0.515000000000001	0.635277132143878
0.52	0.629870503328909
0.524999999999999	0.624355847490914
0.530000000000001	0.618749220713092
0.535	0.613067955878037
0.539999999999999	0.607330460874218
0.545000000000002	0.601555964822376
0.550000000000001	0.595764316938874
0.555	0.589975864940063
0.559999999999999	0.584211330768467
0.565000000000001	0.578491636238218
0.57	0.572837745796033
0.574999999999999	0.567270530377897
0.580000000000002	0.561810592146991
0.585000000000001	0.556478067639014
0.59	0.551292455024133
0.594999999999999	0.546272530683338
0.600000000000001	0.541436387460913
0.605	0.536801440182423
0.609999999999999	0.53238424170162
0.615000000000002	0.528200211599794
0.620000000000001	0.524263458028798
0.625	0.520586694163089
0.629999999999999	0.517181174853685
0.635000000000002	0.514056663160862
0.640000000000001	0.511221442433147
0.645	0.508682336461779
0.649999999999999	0.506444687059646
0.655000000000001	0.504512246353837
0.66	0.50288702458373
0.664999999999999	0.501569163171654
0.670000000000002	0.500556813430367
0.675000000000001	0.499846081720679
0.68	0.499431191002112
0.684999999999999	0.499304812590374
0.690000000000001	0.499458368841667
0.695	0.499882194167601
0.699999999999999	0.500565629421933
0.705000000000002	0.501497247349552
0.710000000000001	0.50266522045862
0.715	0.504057537854548
0.719999999999999	0.505661926354746
0.725000000000001	0.507465730089531
0.73	0.509455926155041
0.734999999999999	0.511619164152528
0.740000000000002	0.513941770973781
0.745000000000001	0.516409787089625
0.75	0.519009071385094
0.754999999999999	0.521725427097619
0.760000000000002	0.52454469265844
0.765000000000001	0.527452847936267
0.77	0.530436153575513
0.774999999999999	0.533481189783975
0.780000000000001	0.536574738073848
0.785	0.539703659519263
0.789999999999999	0.542854842864874
0.795000000000002	0.54601511967426
0.800000000000001	0.549171219097791
0.805	0.552309879130119
0.809999999999999	0.555417930460496
0.815000000000001	0.558482287087312
0.82	0.561490090767077
0.824999999999999	0.564428956458229
0.830000000000002	0.567287017188387
0.835000000000001	0.570052884627927
0.84	0.572715777896784
0.844999999999999	0.575265736732356
0.850000000000001	0.577693817511902
0.855	0.57999226398346
0.859999999999999	0.582154624603336
0.865000000000002	0.584175855771036
0.870000000000001	0.586052435091018
0.875	0.587782430987
0.879999999999999	0.589365503718398
0.885000000000002	0.590802882079186
0.890000000000001	0.592097352621769
0.895	0.593253277418873
0.899999999999999	0.594276686215492
0.905000000000001	0.595175339551616
0.91	0.59595858325282
0.914999999999999	0.596637110326848
0.920000000000002	0.597222844882813
0.925000000000001	0.597728971503378
0.93	0.598169981080292
0.934999999999999	0.598561546187497
0.940000000000001	0.598920262783126
0.945	0.599263442241025
0.949999999999999	0.599608902717171
0.955000000000002	0.599974691912069
0.960000000000001	0.600378948152049
0.965	0.600839990900885
0.969999999999999	0.60137638378709
0.975000000000001	0.602006793715127
0.98	0.602749667439181
0.984999999999999	0.603622743245713
0.990000000000002	0.604642565400336
0.995000000000001	0.605824181388726
1	0.607180911161523
1.005	0.608724077583419
1.01	0.610462771805492
1.015	0.6124037066062
1.02	0.614551070902372
1.025	0.616906269751555
1.03	0.61946763078322
1.035	0.622230287126097
1.04	0.625186273758108
1.045	0.62832466233777
1.05	0.631631647968028
1.055	0.635090673936902
1.06	0.638682525997934
1.065	0.64238522067937
1.07	0.64617386419254
1.075	0.650020851042332
1.08	0.653896451852607
1.085	0.657769546929778
1.09	0.661608254509097
1.095	0.665380372822207
1.1	0.669053724196959
1.105	0.672596539872067
1.11	0.675978018671095
1.115	0.679169121999931
1.12	0.682143449362155
1.125	0.68487793285785
1.13	0.687353395631749
1.135	0.689555170079291
1.14	0.691473709401152
1.145	0.693105111424895
1.15	0.694451629074811
1.155	0.695522159075397
