0	1.26694254362113
0.00500000000000078	1.26599586579641
0.00999999999999979	1.26509805829098
0.0150000000000006	1.26425119889501
0.0199999999999996	1.26345532539331
0.0250000000000004	1.26270811779164
0.0300000000000011	1.26200462658722
0.0350000000000001	1.26133729544458
0.0400000000000009	1.26069650191715
0.0449999999999999	1.26007154658399
0.0500000000000007	1.25945185998369
0.0549999999999997	1.25882828570565
0.0600000000000005	1.25819445549359
0.0649999999999995	1.25754839592516
0.0700000000000003	1.25689430617344
0.0750000000000011	1.25624373612653
0.0800000000000001	1.25561502558773
0.0850000000000009	1.25503080616934
0.0899999999999999	1.25451481702493
0.0950000000000006	1.25408959792738
0.0999999999999996	1.25377547534982
0.105	1.25359002303787
0.109999999999999	1.25354746454977
0.115	1.25365855121889
0.120000000000001	1.25393132058853
0.125	1.25437206693944
0.130000000000001	1.25498558141441
0.135	1.25577454783662
0.140000000000001	1.25673876879844
0.145	1.25787508350569
0.15	1.25917823868908
0.155000000000001	1.26064197102359
0.16	1.26225961519858
0.165000000000001	1.26402442086002
0.17	1.26592983478902
0.175000000000001	1.26796960807813
0.18	1.27013762503262
0.185	1.27242753158707
0.19	1.27483233993906
0.195	1.27734419562098
0.199999999999999	1.27995433331385
0.205000000000002	1.28265312959804
0.210000000000001	1.28543022083177
0.215	1.28827470225355
0.219999999999999	1.29117536984196
0.225000000000001	1.29412094407286
0.23	1.29710027014154
0.234999999999999	1.30010250294435
0.240000000000002	1.30311724804056
0.245000000000001	1.30613465922189
0.25	1.30914553044048
0.254999999999999	1.31214134982922
0.260000000000002	1.31511424779089
0.265000000000001	1.31805686754241
0.27	1.32096222711304
0.274999999999999	1.32382360110368
0.280000000000001	1.32663448146496
0.285	1.32938870498371
0.289999999999999	1.3320807727113
0.295000000000002	1.33470627626392
0.300000000000001	1.3372622997512
0.305	1.33974769961837
0.309999999999999	1.34216316841894
0.315000000000001	1.34451111078818
0.32	1.34679549466027
0.324999999999999	1.34902170454762
0.330000000000002	1.35119631047775
0.335000000000001	1.35332675922582
0.34	1.35542107786864
0.344999999999999	1.35748763301204
0.350000000000001	1.35953489363132
0.355	1.36157114654457
0.359999999999999	1.3636041883304
0.365000000000002	1.3656410359721
0.370000000000001	1.36768766557659
0.375	1.36974881778532
0.379999999999999	1.37182788793631
0.385000000000002	1.37392677847003
0.390000000000001	1.37604563063872
0.395	1.37818258176677
0.399999999999999	1.38033372256845
0.405000000000001	1.38249318399146
0.41	1.38465314994515
0.414999999999999	1.38680377779099
0.420000000000002	1.38893315199322
0.425000000000001	1.39102730140921
0.43	1.3930702498111
0.434999999999999	1.3950440867694
0.440000000000001	1.39692903186151
0.445	1.39870348413748
0.449999999999999	1.40034406241826
0.455000000000002	1.4018256456987
0.460000000000001	1.40312149666563
0.465	1.40420352583589
0.469999999999999	1.40504259366297
0.475000000000001	1.40560865999605
0.48	1.40587067349386
0.484999999999999	1.40579633497875
0.490000000000002	1.40535198981644
0.495000000000001	1.40450271646099
0.5	1.40321253454936
0.504999999999999	1.40144472982115
0.510000000000002	1.39916229381809
0.515000000000001	1.39632837810484
0.52	1.39290665543849
0.524999999999999	1.38886157373991
0.530000000000001	1.38415865169856
0.535	1.37876504708238
0.539999999999999	1.37265040906274
0.545000000000002	1.36578771987669
0.550000000000001	1.35815373374889
0.555	1.34972887064204
0.559999999999999	1.34049722588623
0.565000000000001	1.33044750735671
0.57	1.31957460892741
0.574999999999999	1.30788140146082
0.580000000000002	1.29538080046644
0.585000000000001	1.28209753261453
0.59	1.26806908136677
0.594999999999999	1.2533465753337
0.600000000000001	1.23799642162098
0.605	1.22210164108324
0.609999999999999	1.20576139494417
0.615000000000002	1.18908913331058
0.620000000000001	1.17221057973463
0.625	1.15526171536725
0.629999999999999	1.13838620200717
0.635000000000002	1.12173198800187
0.640000000000001	1.10544742785288
0.645	1.08967732341304
0.649999999999999	1.07455907248036
0.655000000000001	1.06021897031031
0.66	1.04676900015963
0.664999999999999	1.03430468806251
0.670000000000002	1.02290415634953
0.675000000000001	1.01262808041789
0.68	1.00352007111829
0.684999999999999	0.995607122043136
0.690000000000001	0.988900167197041
0.695	0.983394851064697
0.699999999999999	0.979072482259106
0.705000000000002	0.97590113627514
0.710000000000001	0.973836903100486
0.715	0.972825427742832
0.719999999999999	0.972804044839005
0.725000000000001	0.973704540129902
0.73	0.975456110502976
0.734999999999999	0.977988128186893
0.740000000000002	0.981232604314085
0.745000000000001	0.985126341720715
0.75	0.989612631105616
0.754999999999999	0.994642210274598
0.760000000000002	1.00017343457104
0.765000000000001	1.00617172538632
0.77	1.01260857537663
0.774999999999999	1.01946093701291
0.780000000000001	1.02671120896574
0.785	1.03434706453581
0.789999999999999	1.04236066920494
0.795000000000002	1.0507474009315
0.800000000000001	1.05950444260651
0.805	1.06862964236972
0.809999999999999	1.0781210595396
0.815000000000001	1.08797717139724
0.82	1.09819661111499
0.824999999999999	1.10877669375556
0.830000000000002	1.11971154106902
0.835000000000001	1.13099068053681
0.84	1.14259799733973
0.844999999999999	1.15451061665114
0.850000000000001	1.16669754482124
0.855	1.17911815563332
0.859999999999999	1.19172087739908
0.865000000000002	1.20444241040853
0.870000000000001	1.21720746555602
0.875	1.22992900963855
0.879999999999999	1.24250928443858
0.885000000000002	1.2548415472285
0.890000000000001	1.26681220296571
0.895	1.27830362186612
0.899999999999999	1.28919798422076
0.905000000000001	1.29938125446657
0.91	1.30874629203915
0.914999999999999	1.31719571938863
0.920000000000002	1.32464531205203
0.925000000000001	1.33102744830913
0.93	1.33629376029977
0.934999999999999	1.3404164463838
0.940000000000001	1.34338847645596
0.945	1.34522329045412
0.949999999999999	1.34595410166212
0.955000000000002	1.34563258180486
0.960000000000001	1.3443268884892
0.965	1.34211928399061
0.969999999999999	1.33910348680122
0.975000000000001	1.33538184689834
0.98	1.33106266770881
0.984999999999999	1.32625764892726
0.990000000000002	1.32107893726469
0.995000000000001	1.31563594288064
1	1.31003309216388
1.005	1.30436884216388
1.01	1.29873491290562
1.015	1.29321532907844
1.02	1.28788566554516
1.025	1.28281251814612
1.03	1.27805309776909
1.035	1.27365503826403
1.04	1.26965634566851
1.045	1.26608529567395
1.05	1.26296033510421
1.055	1.26029016997933
1.06	1.25807403895569
1.065	1.25630209038916
1.07	1.25495589376982
1.075	1.25400917414056
1.08	1.25342882197884
1.085	1.25317613870017
1.09	1.25320823937665
1.095	1.25347966266627
1.1	1.25394423702852
1.105	1.25455704950242
1.11	1.25527631134042
1.115	1.25606474798353
1.12	1.25689010241908
1.125	1.257725105371
1.13	1.25854723658144
1.135	1.25933773612037
1.14	1.26008000892293
1.145	1.26075851440162
1.15	1.26135873080788
1.155	1.26186809094585
