0	1.05093530024301
0.00500000000000078	1.05070217127769
0.00999999999999979	1.05047917231687
0.0150000000000006	1.05026983388268
0.0199999999999996	1.05007757614129
0.0250000000000004	1.04990564372662
0.0300000000000011	1.04975706243416
0.0350000000000001	1.04963461384932
0.0400000000000009	1.0495408312901
0.0449999999999999	1.0494780139621
0.0500000000000007	1.0494482477444
0.0549999999999997	1.04945341909319
0.0600000000000005	1.0494952088615
0.0649999999999995	1.04957506494848
0.0700000000000003	1.04969417975377
0.0750000000000011	1.04985349645118
0.0800000000000001	1.05005372280742
0.0850000000000009	1.05029532046656
0.0899999999999999	1.05057847836315
0.0950000000000006	1.05090309745016
0.0999999999999996	1.05126879841008
0.105	1.0516749500316
0.109999999999999	1.05212071651545
0.115	1.05260512540503
0.120000000000001	1.05312714265122
0.125	1.05368571664057
0.130000000000001	1.05427976903089
0.135	1.05490816579183
0.140000000000001	1.05556970588784
0.145	1.05626311563214
0.15	1.05698703265345
0.155000000000001	1.05773999026976
0.16	1.05852040993916
0.165000000000001	1.05932660305296
0.17	1.0601567798989
0.175000000000001	1.06100905342064
0.18	1.06188143639802
0.185	1.06277183995225
0.19	1.06367806926111
0.195	1.06459781506796
0.199999999999999	1.0655286498501
0.205000000000002	1.06646802598724
0.210000000000001	1.06741325736872
0.215	1.0683614797329
0.219999999999999	1.06930961455529
0.225000000000001	1.07025436092888
0.23	1.07119221783761
0.234999999999999	1.0721195259243
0.240000000000002	1.07303250989199
0.245000000000001	1.07392730942928
0.25	1.07480000619085
0.254999999999999	1.07564665227577
0.260000000000002	1.07646329869721
0.265000000000001	1.07724603018435
0.27	1.0779910056106
0.274999999999999	1.07869449366257
0.280000000000001	1.07935290180736
0.285	1.07996280137437
0.289999999999999	1.08052095074209
0.295000000000002	1.08102431869153
0.300000000000001	1.08147010288199
0.305	1.08185573442335
0.309999999999999	1.08217886881607
0.315000000000001	1.08243737465721
0.32	1.08262933475972
0.324999999999999	1.08275306539255
0.330000000000002	1.08280714188972
0.335000000000001	1.08279041421793
0.34	1.08270201370338
0.344999999999999	1.08254136632636
0.350000000000001	1.08230822070974
0.355	1.08200268606907
0.359999999999999	1.0816252661592
0.365000000000002	1.081176877672
0.370000000000001	1.08065885502584
0.375	1.08007293911864
0.379999999999999	1.07942124375376
0.385000000000002	1.07870621220784
0.390000000000001	1.0779305827898
0.395	1.07709736935251
0.399999999999999	1.07620985151681
0.405000000000001	1.07527156617421
0.41	1.07428629199407
0.414999999999999	1.07325802820304
0.420000000000002	1.07219098559163
0.425000000000001	1.071089599455
0.43	1.06995855153085
0.434999999999999	1.06880278015189
0.440000000000001	1.06762745522331
0.445	1.0664379078496
0.449999999999999	1.06523954353116
0.455000000000002	1.06403778036011
0.460000000000001	1.06283801794246
0.465	1.06164561654159
0.469999999999999	1.0604658735922
0.475000000000001	1.05930399772883
0.48	1.05816507907496
0.484999999999999	1.05705404969065
0.490000000000002	1.05597563963182
0.495000000000001	1.05493434031016
0.5	1.05393437091631
0.504999999999999	1.05297964241805
0.510000000000002	1.05207373228235
0.515000000000001	1.05121988095792
0.52	1.05042100228884
0.524999999999999	1.04967969334833
0.530000000000001	1.04899822835308
0.535	1.04837852867079
0.539999999999999	1.0478221277126
0.545000000000002	1.04733015800276
0.550000000000001	1.04690335993901
0.555	1.04654209459023
0.559999999999999	1.04624636021369
0.565000000000001	1.04601582997933
0.57	1.04584990936341
0.574999999999999	1.04574778380198
0.580000000000002	1.04570843959461
0.585000000000001	1.04573066539155
0.59	1.04581303681617
0.594999999999999	1.04595387962498
0.600000000000001	1.04615122637138
0.605	1.04640280231612
0.609999999999999	1.04670606345828
0.615000000000002	1.04705826897564
0.620000000000001	1.04745654553076
0.625	1.04789792976269
0.629999999999999	1.04837941519271
0.635000000000002	1.04889801225535
0.640000000000001	1.04945079751542
0.645	1.05003494355237
0.649999999999999	1.05064774619608
0.655000000000001	1.05128666080099
0.66	1.0519493423852
0.664999999999999	1.05263367341869
0.670000000000002	1.05333776168549
0.675000000000001	1.05405990084035
0.68	1.05479850687184
0.684999999999999	1.05555206069926
0.690000000000001	1.05631907729525
0.695	1.05709808934054
0.699999999999999	1.05788762078084
0.705000000000002	1.05868615193603
0.710000000000001	1.05949209854843
0.715	1.06030381010937
0.719999999999999	1.06111957077915
0.725000000000001	1.06193759030476
0.73	1.06275598480687
0.734999999999999	1.06357274988684
0.740000000000002	1.06438573935521
0.745000000000001	1.06519267074503
0.75	1.06599114819817
0.754999999999999	1.06677866851088
0.760000000000002	1.0675526072539
0.765000000000001	1.06831021793775
0.77	1.06904865935911
0.774999999999999	1.06976502327555
0.780000000000001	1.07045634256429
0.785	1.07111961178201
0.789999999999999	1.07175184851202
0.795000000000002	1.07235016394172
0.800000000000001	1.07291179690698
0.805	1.07343411306828
0.809999999999999	1.07391460158329
0.815000000000001	1.07435088434793
0.82	1.07474073517981
0.824999999999999	1.0750821094846
0.830000000000002	1.07537318386961
0.835000000000001	1.07561239186519
0.84	1.07579843416314
0.844999999999999	1.07593025764074
0.850000000000001	1.07600702369099
0.855	1.07602809619453
0.859999999999999	1.07599305961052
0.865000000000002	1.07590174703432
0.870000000000001	1.0757542544998
0.875	1.07555093703131
0.879999999999999	1.07529240102354
0.885000000000002	1.07497950599517
0.890000000000001	1.07461336006171
0.895	1.07419528642448
0.899999999999999	1.07372677506934
0.905000000000001	1.07320945783943
0.91	1.07264511883413
0.914999999999999	1.07203571539482
0.920000000000002	1.07138338620267
0.925000000000001	1.07069044626037
0.93	1.06995937804472
0.934999999999999	1.06919282606456
0.940000000000001	1.06839359494999
0.945	1.06756464149444
0.949999999999999	1.06670905247639
0.955000000000002	1.06583001134861
0.960000000000001	1.06493076759495
0.965	1.06401462547814
0.969999999999999	1.06308494922403
0.975000000000001	1.06214516125943
0.98	1.06119872778018
0.984999999999999	1.06024913998274
0.990000000000002	1.05929988091922
0.995000000000001	1.05835437686139
1	1.05741595810743
1.005	1.05648783605601
1.01	1.05557307746567
1.015	1.05467457503646
1.02	1.05379504086465
1.025	1.05293702704513
1.03	1.05210293598736
1.035	1.05129499789486
1.04	1.05051523437354
1.045	1.04976542834633
1.05	1.04904710232811
1.055	1.04836150919427
1.06	1.0477096477522
1.065	1.04709229841318
1.07	1.04651005231298
1.075	1.04596331985041
1.08	1.04545233415304
1.085	1.0449771703589
1.09	1.04453777770887
1.095	1.04413399956408
1.1	1.04376556379817
1.105	1.04343205446106
1.11	1.04313288865226
1.115	1.04286730452274
1.12	1.04263435385946
1.125	1.04243289090579
1.13	1.04226154211327
1.135	1.04211865869627
1.14	1.04200227390299
1.145	1.04191007962488
1.15	1.04183944275897
1.155	1.04178748376516
