0	0.409703771985524
0.00500000000000078	0.408731406254836
0.00999999999999979	0.407695333996402
0.0150000000000006	0.406595651206092
0.0199999999999996	0.405432032047601
0.0250000000000004	0.404203596781185
0.0300000000000011	0.402908837269684
0.0350000000000001	0.401545592216581
0.0400000000000009	0.400111107319856
0.0449999999999999	0.398602182275794
0.0500000000000007	0.397015288305535
0.0549999999999997	0.395346592924906
0.0600000000000005	0.393591985670889
0.0649999999999995	0.391747155097635
0.0700000000000003	0.389807668216203
0.0750000000000011	0.387769035532956
0.0800000000000001	0.385626708530821
0.0850000000000009	0.383375906515629
0.0899999999999999	0.381011338212646
0.0950000000000006	0.378527009568867
0.0999999999999996	0.37591615902649
0.105	0.373171241751871
0.109999999999999	0.370283960391932
0.115	0.367245370474932
0.120000000000001	0.364046032249346
0.125	0.360676212976284
0.130000000000001	0.357126166129185
0.135	0.353386407855129
0.140000000000001	0.349447877777496
0.145	0.34530201176481
0.15	0.340940845397291
0.155000000000001	0.336357177377903
0.16	0.331544731518941
0.165000000000001	0.326498271530028
0.17	0.3212136570697
0.175000000000001	0.315687831649273
0.18	0.309918687540127
0.185	0.303904794053805
0.19	0.297645145927955
0.195	0.291139068969048
0.199999999999999	0.284386244866791
0.205000000000002	0.277386826847663
0.210000000000001	0.270141635205441
0.215	0.262652324865879
0.219999999999999	0.254921493355677
0.225000000000001	0.246952802664291
0.23	0.23875107223552
0.234999999999999	0.23032223300856
0.240000000000002	0.221673172892608
0.245000000000001	0.212811578094568
0.25	0.203745784202203
0.254999999999999	0.194484675096691
0.260000000000002	0.185037738094313
0.265000000000001	0.175415233633052
0.27	0.165628352633194
0.274999999999999	0.15568932150034
0.280000000000001	0.145611382069507
0.285	0.13540856588916
0.289999999999999	0.125095364734271
0.295000000000002	0.114686497767956
0.300000000000001	0.104196810112656
0.305	0.0936411968843478
0.309999999999999	0.0830345267442816
0.315000000000001	0.0723915854466073
0.32	0.0617270305971385
0.324999999999999	0.0510553442186756
0.330000000000002	0.0403907702857076
0.335000000000001	0.0297472428115579
0.34	0.0191382819696111
0.344999999999999	0.00857684527617586
0.350000000000001	-0.00192479760050634
0.355	-0.0123550903304013
0.359999999999999	-0.0227031084928608
0.365000000000002	-0.0329585029658883
0.370000000000001	-0.0431115958667734
0.375	-0.0531535291051393
0.379999999999999	-0.0630763163232011
0.385000000000002	-0.072872804202305
0.390000000000001	-0.0825366187659933
0.395	-0.0920621188509392
0.399999999999999	-0.101444326525135
0.405000000000001	-0.110678860393537
0.41	-0.119761927334052
0.414999999999999	-0.128690308558019
0.420000000000002	-0.13746123341903
0.425000000000001	-0.146072192305279
0.43	-0.154520814943046
0.434999999999999	-0.162804813829184
0.440000000000001	-0.170921928507371
0.445	-0.17886984640277
0.449999999999999	-0.186646081165729
0.455000000000002	-0.194247838360219
0.460000000000001	-0.201671952348118
0.465	-0.208914898138451
0.469999999999999	-0.215972797050081
0.475000000000001	-0.222841347490662
0.48	-0.229515664208964
0.484999999999999	-0.235990096580976
0.490000000000002	-0.242258112033906
0.495000000000001	-0.248312231710136
0.5	-0.254143982911735
0.504999999999999	-0.259743872728844
0.510000000000002	-0.26510138644214
0.515000000000001	-0.270205029157177
0.52	-0.275042403214652
0.524999999999999	-0.279600252212001
0.530000000000001	-0.283864457982234
0.535	-0.287820074220935
0.539999999999999	-0.291451451720159
0.545000000000002	-0.294742397360597
0.550000000000001	-0.297676266836969
0.555	-0.300235983657264
0.559999999999999	-0.302404075349419
0.565000000000001	-0.304162782899963
0.57	-0.305494173706665
0.574999999999999	-0.306380123904336
0.580000000000002	-0.306802205825714
0.585000000000001	-0.306741745936783
0.59	-0.306180192278437
0.594999999999999	-0.305099685522494
0.600000000000001	-0.303483699978107
0.605	-0.301317609265502
0.609999999999999	-0.298589071351332
0.615000000000002	-0.2952882304743
0.620000000000001	-0.291407783219652
0.625	-0.286943013930205
0.629999999999999	-0.281891840158282
0.635000000000002	-0.276254860678029
0.640000000000001	-0.270035465177313
0.645	-0.263239913646153
0.649999999999999	-0.255877205873175
0.655000000000001	-0.247958812297041
0.66	-0.239498403349101
0.664999999999999	-0.230511541732564
0.670000000000002	-0.221015336865584
0.675000000000001	-0.211028164151067
0.68	-0.200569514467001
0.684999999999999	-0.189659997641843
0.690000000000001	-0.178321418819545
0.695	-0.166576797609774
0.699999999999999	-0.154450350958903
0.705000000000002	-0.141967433675544
0.710000000000001	-0.129154338134996
0.715	-0.116038033589708
0.719999999999999	-0.102646012144171
0.725000000000001	-0.0890062784111887
0.73	-0.0751473960799682
0.734999999999999	-0.0610984130432994
0.740000000000002	-0.0468885509331729
0.745000000000001	-0.0325467745236558
0.75	-0.0181015130941162
0.754999999999999	-0.00358071253336423
0.760000000000002	0.010987946469327
0.765000000000001	0.0255769703333693
0.77	0.0401591565079089
0.774999999999999	0.0547078091431574
0.780000000000001	0.069197034074886
0.785	0.0836018927235918
0.789999999999999	0.0978982254721439
0.795000000000002	0.11206237848647
0.800000000000001	0.126071135433649
0.805	0.139901826414604
0.809999999999999	0.153532524302926
0.815000000000001	0.166942278936999
0.82	0.180111239231863
0.824999999999999	0.193020617803962
0.830000000000002	0.205652667795042
0.835000000000001	0.217990762291707
0.84	0.230019493524597
0.844999999999999	0.241724729534273
0.850000000000001	0.253093598480935
0.855	0.264114400719544
0.859999999999999	0.274776467593886
0.865000000000002	0.285070009480034
0.870000000000001	0.294986116558383
0.875	0.304516933082282
0.879999999999999	0.313655759917935
0.885000000000002	0.32239695003765
0.890000000000001	0.330735728787849
0.895	0.338668117793666
0.899999999999999	0.346190957760621
0.905000000000001	0.353301924188402
0.91	0.359999526153066
0.914999999999999	0.366283130804736
0.920000000000002	0.372153035627127
0.925000000000001	0.377610599428106
0.93	0.382658374473492
0.934999999999999	0.387300126755807
0.940000000000001	0.391540774699875
0.945	0.395386409672351
0.949999999999999	0.398844403192046
0.955000000000002	0.401923430997195
0.960000000000001	0.404633381735882
0.965	0.406985313648759
0.969999999999999	0.408991488311915
0.975000000000001	0.410665317868573
0.98	0.412021145988971
0.984999999999999	0.413073896407613
0.990000000000002	0.413838684782703
0.995000000000001	0.414330547158369
1	0.414564337193054
1.005	0.414554738920032
1.01	0.414316368824425
1.015	0.413863893108513
1.02	0.413212015499228
1.025	0.412375346585834
1.03	0.411368354768618
1.035	0.410205459244046
1.04	0.40890109579992
1.045	0.407469666015923
1.05	0.405925485815984
1.055	0.404282850995556
1.06	0.402556171590681
1.065	0.400760062628356
1.07	0.398909356539951
1.075	0.397019065369838
1.08	0.395104364734452
1.085	0.393180632124468
1.09	0.391263471119911
1.095	0.389368705406336
1.1	0.387512386086058
1.105	0.38571069916995
1.11	0.383979623262827
1.115	0.382334488819549
1.12	0.380789708134404
1.125	0.379358607055153
1.13	0.378053071163016
1.135	0.376882990399142
1.14	0.375855744453496
1.145	0.374975803243214
1.15	0.374244310237358
1.155	0.373658647628219
