0	-0.328868829975566
0.00500000000000078	-0.330333232110747
0.00999999999999979	-0.331668554416081
0.0150000000000006	-0.33284470784962
0.0199999999999996	-0.333831063961018
0.0250000000000004	-0.334596781442097
0.0300000000000011	-0.335111104736629
0.0350000000000001	-0.335343634550537
0.0400000000000009	-0.335264524284243
0.0449999999999999	-0.334844603944722
0.0500000000000007	-0.33405553471771
0.0549999999999997	-0.332870039287304
0.0600000000000005	-0.331262115078476
0.0649999999999995	-0.329207162374821
0.0700000000000003	-0.326682076360754
0.0750000000000011	-0.323665358218244
0.0800000000000001	-0.320137268096216
0.0850000000000009	-0.316080087090366
0.0899999999999999	-0.311478528900536
0.0950000000000006	-0.306320188502096
0.0999999999999996	-0.300595872010027
0.105	-0.294299788560959
0.109999999999999	-0.2874296582225
0.115	-0.279986750405364
0.120000000000001	-0.271975862193908
0.125	-0.263405250328123
0.130000000000001	-0.254286495643629
0.135	-0.244634254574065
0.140000000000001	-0.234465928516847
0.145	-0.2238013678427
0.15	-0.212662646050789
0.155000000000001	-0.201073845780034
0.16	-0.189060812255734
0.165000000000001	-0.176650878483744
0.17	-0.16387262481925
0.175000000000001	-0.150755720759741
0.18	-0.137330836292529
0.185	-0.123629586154158
0.19	-0.109684409234062
0.195	-0.0955282830069928
0.199999999999999	-0.0811943509679613
0.205000000000002	-0.0667155983876242
0.210000000000001	-0.052124575540617
0.215	-0.037453155062054
0.219999999999999	-0.0227323484869544
0.225000000000001	-0.00799217930343765
0.23	0.00673839531943088
0.234999999999999	0.0214315373555625
0.240000000000002	0.0360605629854867
0.245000000000001	0.0505999060035309
0.25	0.0650250006971218
0.254999999999999	0.0793122188176199
0.260000000000002	0.0934389699432225
0.265000000000001	0.107383869437347
0.27	0.121126881258056
0.274999999999999	0.134649475677961
0.280000000000001	0.147934720691357
0.285	0.160967126960355
0.289999999999999	0.173732315825739
0.295000000000002	0.186216776482953
0.300000000000001	0.198407772610451
0.305	0.210293271419079
0.309999999999999	0.221861864361376
0.315000000000001	0.233102711275262
0.32	0.244005526526176
0.324999999999999	0.254560599855832
0.330000000000002	0.264758816319536
0.335000000000001	0.274591682555293
0.34	0.284051353098475
0.344999999999999	0.293130624986686
0.350000000000001	0.30182294053472
0.355	0.310122491799492
0.359999999999999	0.318024465527306
0.365000000000002	0.325525288731359
0.370000000000001	0.332622695586149
0.375	0.339315661746038
0.379999999999999	0.345604370439049
0.385000000000002	0.351490258765418
0.390000000000001	0.356976069659989
0.395	0.362065863019147
0.399999999999999	0.366765031244172
0.405000000000001	0.371080320533995
0.41	0.375019786036087
0.414999999999999	0.378592685953563
0.420000000000002	0.381809397981775
0.425000000000001	0.384681370408877
0.43	0.387221039518752
0.434999999999999	0.389441672135578
0.440000000000001	0.391357146758369
0.445	0.392981727662876
0.449999999999999	0.394329900897875
0.455000000000002	0.395416267332381
0.460000000000001	0.396255401608756
0.465	0.396861620816746
0.469999999999999	0.397248705300581
0.475000000000001	0.397429668334126
0.48	0.397416652546267
0.484999999999999	0.397220918851467
0.490000000000002	0.396852820786558
0.495000000000001	0.396321744991226
0.5	0.395636067274062
0.504999999999999	0.394803134122304
0.510000000000002	0.393829253375817
0.515000000000001	0.392719678592055
0.52	0.391478593393899
0.524999999999999	0.390109129085397
0.530000000000001	0.388613423280092
0.535	0.386992691664071
0.539999999999999	0.385247273694542
0.545000000000002	0.383376649794717
0.550000000000001	0.381379509650425
0.555	0.379253916228691
0.559999999999999	0.376997489690215
0.565000000000001	0.374607572075319
0.57	0.372081435616608
0.574999999999999	0.369416555611231
0.580000000000002	0.366610865836638
0.585000000000001	0.363662917495828
0.59	0.36057194840143
0.594999999999999	0.357337833825614
0.600000000000001	0.353960837147285
0.605	0.350441228819554
0.609999999999999	0.346778965683864
0.615000000000002	0.342973556784595
0.620000000000001	0.339024044199197
0.625	0.334928916602491
0.629999999999999	0.330686008308328
0.635000000000002	0.326292514757999
0.640000000000001	0.321744997330644
0.645	0.317039339189796
0.649999999999999	0.312170848292753
0.655000000000001	0.307134557437016
0.66	0.3019255558134
0.664999999999999	0.29653926722246
0.670000000000002	0.290971765951497
0.675000000000001	0.285220126883568
0.68	0.279282624295806
0.684999999999999	0.273158658835908
0.690000000000001	0.266848516349206
0.695	0.2603531353917
0.699999999999999	0.253673923075871
0.705000000000002	0.246812653519533
0.710000000000001	0.239771551445862
0.715	0.232553480060509
0.719999999999999	0.225162019484192
0.725000000000001	0.217601402608397
0.73	0.209876433051915
0.734999999999999	0.201992461292364
0.740000000000002	0.193955412729091
0.745000000000001	0.185771827786861
0.75	0.177448878059624
0.754999999999999	0.168994346193195
0.760000000000002	0.160416588840662
0.765000000000001	0.151724494438061
0.77	0.142927374892754
0.774999999999999	0.134034790257763
0.780000000000001	0.12505640559806
0.785	0.116001839460914
0.789999999999999	0.106880425821107
0.795000000000002	0.0977010235202922
0.800000000000001	0.0884719769666908
0.805	0.0792011487098856
0.809999999999999	0.0698960052112572
0.815000000000001	0.0605637665055312
0.82	0.0512115137892595
0.824999999999999	0.041846224926676
0.830000000000002	0.0324748436510252
0.835000000000001	0.0231043974035163
0.84	0.0137420891136122
0.844999999999999	0.00439533975760131
0.850000000000001	-0.00492822632770551
0.855	-0.0142208513441204
0.859999999999999	-0.0234747476928927
0.865000000000002	-0.0326822082492377
0.870000000000001	-0.0418356558967847
0.875	-0.0509276624416177
0.879999999999999	-0.0599510775984804
0.885000000000002	-0.0688992760540064
0.890000000000001	-0.0777664094058368
0.895	-0.0865475960776703
0.899999999999999	-0.0952390366190032
0.905000000000001	-0.103838036476789
0.91	-0.112342928955542
0.914999999999999	-0.120752953814068
0.920000000000002	-0.129068144083021
0.925000000000001	-0.137289206119846
0.93	-0.145417372656198
0.934999999999999	-0.153454234818718
0.940000000000001	-0.16140156133081
0.945	-0.169261131970567
0.949999999999999	-0.17703462145454
0.955000000000002	-0.184723509945129
0.960000000000001	-0.19232892604089
0.965	-0.199851371649373
0.969999999999999	-0.207290428243994
0.975000000000001	-0.214644601723497
0.98	-0.221911363495049
0.984999999999999	-0.229087341293011
0.990000000000002	-0.236168524543559
0.995000000000001	-0.243150321921775
1	-0.250027479788243
1.005	-0.256793996549339
1.01	-0.263443063228484
1.015	-0.269967042809039
1.02	-0.27635761684375
1.025	-0.282606105568565
1.03	-0.288703738123179
1.035	-0.294641756527803
1.04	-0.300411474400536
1.045	-0.306004388665937
1.05	-0.311412292443416
1.055	-0.316627317720372
1.06	-0.321641942630489
1.065	-0.326449029956901
1.07	-0.33104188263002
1.075	-0.335414260994347
1.08	-0.339560331065301
1.085	-0.343474590669143
1.09	-0.347151897629235
1.095	-0.35058762756348
1.1	-0.353777837125564
1.105	-0.35671940694102
1.11	-0.359410274045935
1.115	-0.361849702641966
1.12	-0.364038422161062
1.125	-0.365978715842818
1.13	-0.367674712912446
1.135	-0.369132841271163
1.14	-0.370362159805847
1.145	-0.371374485191769
1.15	-0.37218441128189
1.155	-0.372809241528741
