0	0.58674186534544
0.00500000000000078	0.584375042059216
0.00999999999999979	0.581898285780298
0.0150000000000006	0.579325578652398
0.0199999999999996	0.576670536099807
0.0250000000000004	0.573946256323419
0.0300000000000011	0.571165387404285
0.0350000000000001	0.568340202518247
0.0400000000000009	0.565482600587008
0.0449999999999999	0.56260406591867
0.0500000000000007	0.55971565891519
0.0549999999999997	0.556828059794268
0.0600000000000005	0.553951563974816
0.0649999999999995	0.551095914660586
0.0700000000000003	0.548270089175766
0.0750000000000011	0.54548217564265
0.0800000000000001	0.542739232170899
0.0850000000000009	0.540047124454967
0.0899999999999999	0.537410570171393
0.0950000000000006	0.53483336765323
0.0999999999999996	0.532318555012139
0.105	0.529868488536768
0.109999999999999	0.527484877879458
0.115	0.525168647429521
0.120000000000001	0.522919708321839
0.125	0.520736861731925
0.130000000000001	0.518617785931692
0.135	0.516559031830534
0.140000000000001	0.514556082191841
0.145	0.51260345349916
0.15	0.510694824567238
0.155000000000001	0.508823149352366
0.16	0.506980615761395
0.165000000000001	0.505158453691705
0.17	0.503346850062057
0.175000000000001	0.501535203377104
0.18	0.499712571154858
0.185	0.497868094626298
0.19	0.49599149646653
0.195	0.494073630191511
0.199999999999999	0.492106737826628
0.205000000000002	0.490084298536718
0.210000000000001	0.488000794689244
0.215	0.485851741452606
0.219999999999999	0.483633974832385
0.225000000000001	0.481345884097414
0.23	0.478987314911079
0.234999999999999	0.476559187538307
0.240000000000002	0.474063138750598
0.245000000000001	0.471501415938591
0.25	0.468876953909406
0.254999999999999	0.466193435416806
0.260000000000002	0.463455205779082
0.265000000000001	0.460667037325005
0.27	0.457833837613203
0.274999999999999	0.454960416516124
0.280000000000001	0.452051372531926
0.285	0.449111108779302
0.289999999999999	0.446143899293647
0.295000000000002	0.443153867688362
0.300000000000001	0.440144919467566
0.305	0.437120669146312
0.309999999999999	0.43408430048036
0.315000000000001	0.431038549451642
0.32	0.427985953876261
0.324999999999999	0.424929137791231
0.330000000000002	0.421870970822283
0.335000000000001	0.418814639989608
0.34	0.415763640813459
0.344999999999999	0.41272175684174
0.350000000000001	0.409693107483301
0.355	0.406682253005025
0.359999999999999	0.403694405262264
0.365000000000002	0.400735656118736
0.370000000000001	0.397812958317044
0.375	0.394933924160371
0.379999999999999	0.392106709262968
0.385000000000002	0.389340009769208
0.390000000000001	0.386643064801994
0.395	0.384025573655527
0.399999999999999	0.381497611229131
0.405000000000001	0.379069732339993
0.41	0.376753184018038
0.414999999999999	0.374560023996962
0.420000000000002	0.372503145499632
0.425000000000001	0.370596149061255
0.43	0.368852922230989
0.434999999999999	0.367287084282722
0.440000000000001	0.365911606319972
0.445	0.364738780987618
0.449999999999999	0.363780476414244
0.455000000000002	0.363048367051809
0.460000000000001	0.362553924423914
0.465	0.362308197903001
0.469999999999999	0.362321542645308
0.475000000000001	0.362603483338601
0.48	0.363162678769597
0.484999999999999	0.364006771084836
0.490000000000002	0.365142232035989
0.495000000000001	0.366574436301379
0.5	0.368307664333658
0.504999999999999	0.370344757434261
0.510000000000002	0.372686774981419
0.515000000000001	0.375332935488053
0.52	0.378280636074462
0.524999999999999	0.381525357918073
0.530000000000001	0.385060481898147
0.535	0.388877098083835
0.539999999999999	0.392963944886584
0.545000000000002	0.39730754176415
0.550000000000001	0.401892342240516
0.555	0.406700732011951
0.559999999999999	0.41171296917578
0.565000000000001	0.416907238113368
0.57	0.422259822220513
0.574999999999999	0.42774536936403
0.580000000000002	0.433337307490924
0.585000000000001	0.439008373132276
0.59	0.444731032053697
0.594999999999999	0.450477694298166
0.600000000000001	0.456220903668127
0.605	0.461933593655661
0.609999999999999	0.467589283243008
0.615000000000002	0.473162204443342
0.620000000000001	0.478627530339337
0.625	0.483961780771138
0.629999999999999	0.489143251147268
0.635000000000002	0.494152246809997
0.640000000000001	0.498971154397279
0.645	0.50358453096997
0.649999999999999	0.507979193610924
0.655000000000001	0.512144181298963
0.66	0.516070646815963
0.664999999999999	0.519751783063154
0.670000000000002	0.523182664696518
0.675000000000001	0.526360004846862
0.68	0.529282069539571
0.684999999999999	0.531948634964314
0.690000000000001	0.534360709458054
0.695	0.536520243376218
0.699999999999999	0.538430142727278
0.705000000000002	0.54009448803064
0.710000000000001	0.541518765094144
0.715	0.542710061866486
0.719999999999999	0.543677269733998
0.725000000000001	0.544431411766866
0.73	0.544986090681805
0.734999999999999	0.545357742583606
0.740000000000002	0.545565425343688
0.745000000000001	0.545630282349379
0.75	0.545575054774774
0.754999999999999	0.545423786828835
0.760000000000002	0.545201524258744
0.765000000000001	0.544933858050527
0.77	0.544646466045336
0.774999999999999	0.544364711684254
0.780000000000001	0.544113081351413
0.785	0.543914441904856
0.789999999999999	0.543789455993567
0.795000000000002	0.54375637020819
0.800000000000001	0.543830967394252
0.805	0.544026411705291
0.809999999999999	0.544352966666723
0.815000000000001	0.544817646331621
0.82	0.545423951027017
0.824999999999999	0.546171974050227
0.830000000000002	0.547058984940763
0.835000000000001	0.548080248323924
0.84	0.549229674571725
0.844999999999999	0.550500091867012
0.850000000000001	0.551883264450707
0.855	0.553369858994154
0.859999999999999	0.554949480955659
0.865000000000002	0.556610860233585
0.870000000000001	0.55834215354702
0.875	0.560131197794486
0.879999999999999	0.561965587298842
0.885000000000002	0.563832602899723
0.890000000000001	0.565719077909919
0.895	0.567611273376771
0.899999999999999	0.569494867298784
0.905000000000001	0.571355081991073
0.91	0.573176838338526
0.914999999999999	0.574944902098225
0.920000000000002	0.576644025445983
0.925000000000001	0.578258960901905
0.93	0.579774297347003
0.934999999999999	0.581174253391307
0.940000000000001	0.582442560435173
0.945	0.583562463902281
0.949999999999999	0.584516854072087
0.955000000000002	0.585288596541941
0.960000000000001	0.585861052309677
0.965	0.586218590103124
0.969999999999999	0.58634693115804
0.975000000000001	0.586233365754125
0.98	0.585866898824506
0.984999999999999	0.585238344954933
0.990000000000002	0.584340453795805
0.995000000000001	0.583168053102789
1	0.581718102972192
1.005	0.579989710067847
1.01	0.577984186110719
1.015	0.575705079022439
1.02	0.573158139392612
1.025	0.570351350818902
1.03	0.56729512725283
1.035	0.564002580457855
1.04	0.560489636263286
1.045	0.556774901516578
1.05	0.552879454076535
1.055	0.548826720594172
1.06	0.544642311725338
1.065	0.5403536747445
1.07	0.535989665155898
1.075	0.531580185207223
1.08	0.527155954698459
1.085	0.522748370925341
1.09	0.518389309831087
1.095	0.514110806687273
1.1	0.509944686024589
1.105	0.505922124375021
1.11	0.502073111997836
1.115	0.498425985178643
1.12	0.495007130633857
1.125	0.491840650842644
1.13	0.488947823125482
1.135	0.486346481041568
1.14	0.484050493061179
1.145	0.482069304397652
1.15	0.48040736168624
1.155	0.479063179682655
