0	1.47772691582698
0.00500000000000078	1.46976653036358
0.00999999999999979	1.46132495430682
0.0150000000000006	1.4524009707974
0.0199999999999996	1.44299510962034
0.0250000000000004	1.43311002844505
0.0300000000000011	1.42275095090036
0.0350000000000001	1.41192629110527
0.0400000000000009	1.40064850137453
0.0449999999999999	1.38893503727193
0.0500000000000007	1.37680924306878
0.0549999999999997	1.36430096812025
0.0600000000000005	1.35144695222758
0.0649999999999995	1.3382911848885
0.0700000000000003	1.32488526656528
0.0750000000000011	1.31128863830759
0.0800000000000001	1.29756863519733
0.0850000000000009	1.28380026979057
0.0899999999999999	1.27006548194494
0.0950000000000006	1.25645189246125
0.0999999999999996	1.24305142372841
0.105	1.2299587855978
0.109999999999999	1.21726950310887
0.115	1.20507755298375
0.120000000000001	1.19347302273214
0.125	1.18253990410051
0.130000000000001	1.17235389738435
0.135	1.16298033384968
0.140000000000001	1.15447246385118
0.145	1.14687030843815
0.15	1.14020014317218
0.155000000000001	1.13447444188462
0.16	1.12969208497532
0.165000000000001	1.12583888848733
0.17	1.1228886510467
0.175000000000001	1.12080480384558
0.18	1.11954247673552
0.185	1.1190507155187
0.19	1.11927489625184
0.195	1.12015933193481
0.199999999999999	1.12164953097738
0.205000000000002	1.12369357073861
0.210000000000001	1.12624264972463
0.215	1.12925137463003
0.219999999999999	1.13267822253594
0.225000000000001	1.13648614972879
0.23	1.14064328843973
0.234999999999999	1.14512353898114
0.240000000000002	1.14990649949677
0.245000000000001	1.15497676171369
0.25	1.16032325828971
0.254999999999999	1.16593888759687
0.260000000000002	1.17182023375903
0.265000000000001	1.17796736412514
0.27	1.18438361529424
0.274999999999999	1.19107516502739
0.280000000000001	1.19805054381512
0.285	1.20532027348215
0.289999999999999	1.21289627125907
0.295000000000002	1.22079078846558
0.300000000000001	1.2290152024039
0.305	1.23757877884727
0.309999999999999	1.24648723829118
0.315000000000001	1.25574118955274
0.32	1.26533469710761
0.324999999999999	1.27525413994474
0.330000000000002	1.28547721525601
0.335000000000001	1.29597188874421
0.34	1.30669548746084
0.344999999999999	1.31759430632667
0.350000000000001	1.32860381209912
0.355	1.33964937555007
0.359999999999999	1.35064750974265
0.365000000000002	1.36150752435593
0.370000000000001	1.37213338080807
0.375	1.38242561274965
0.379999999999999	1.39228364321279
0.385000000000002	1.40160905955841
0.390000000000001	1.41030959784179
0.395	1.41830269429322
0.399999999999999	1.42551788358649
0.405000000000001	1.4318983397278
0.41	1.43740201061731
0.414999999999999	1.44200237013344
0.420000000000002	1.44568875193162
0.425000000000001	1.4484661089575
0.43	1.45035396627551
0.434999999999999	1.45138478181762
0.440000000000001	1.45160190547608
0.445	1.45105723013255
0.449999999999999	1.44980905905805
0.455000000000002	1.44792040822856
0.460000000000001	1.44545744767412
0.465	1.44248804563025
0.469999999999999	1.43908055986593
0.475000000000001	1.43530285071226
0.48	1.43122128974743
0.484999999999999	1.42689962661131
0.490000000000002	1.42239779312046
0.495000000000001	1.4177707635786
0.5	1.41306774340237
0.504999999999999	1.40833187807484
0.510000000000002	1.40360027565219
0.515000000000001	1.39890404171086
0.52	1.3942683392565
0.524999999999999	1.38971258086523
0.530000000000001	1.38525053967652
0.535	1.38089048468522
0.539999999999999	1.37663599226563
0.545000000000002	1.37248743024593
0.550000000000001	1.36844334263262
0.555	1.36450136655448
0.559999999999999	1.36065888947093
0.565000000000001	1.35691371396227
0.57	1.35326498084242
0.574999999999999	1.34971442223116
0.580000000000002	1.34626765243525
0.585000000000001	1.34293511667942
0.59	1.33973251961648
0.594999999999999	1.33668082039458
0.600000000000001	1.33380588997305
0.605	1.33113759363415
0.609999999999999	1.32870803588082
0.615000000000002	1.32654909093568
0.620000000000001	1.32468965915167
0.625	1.32315347584458
0.629999999999999	1.32195834917884
0.635000000000002	1.3211168123183
0.640000000000001	1.32063737700242
0.645	1.32052563296456
0.649999999999999	1.32078468024479
0.655000000000001	1.32141473513192
0.66	1.32241230795618
0.664999999999999	1.32376946520865
0.670000000000002	1.32547340946444
0.675000000000001	1.32750648896481
0.68	1.3298467009261
0.684999999999999	1.33246862943093
0.690000000000001	1.3353446846171
0.695	1.33844647264717
0.699999999999999	1.34174609141311
0.705000000000002	1.3452171428252
0.710000000000001	1.34883528715566
0.715	1.35257830155477
0.719999999999999	1.35642581874146
0.725000000000001	1.36035897524333
0.73	1.3643599777994
0.734999999999999	1.36841156491236
0.740000000000002	1.37249665840313
0.745000000000001	1.37659847437441
0.75	1.38070096859014
0.754999999999999	1.38478935025133
0.760000000000002	1.38885048970564
0.765000000000001	1.3928731076568
0.77	1.39684769589862
0.774999999999999	1.40076626005209
0.780000000000001	1.40462203510439
0.785	1.40840919552547
0.789999999999999	1.41212252558413
0.795000000000002	1.4157571375336
0.800000000000001	1.41930833525182
0.805	1.42277146985636
0.809999999999999	1.42614159426722
0.815000000000001	1.42941308262582
0.82	1.43257943290419
0.824999999999999	1.43563320773513
0.830000000000002	1.4385660888871
0.835000000000001	1.44136928628295
0.84	1.44403458744357
0.844999999999999	1.44655572377939
0.850000000000001	1.4489290684562
0.855	1.45115308951121
0.859999999999999	1.4532271837561
0.865000000000002	1.45515092940333
0.870000000000001	1.45692391788698
0.875	1.45854570087102
0.879999999999999	1.4600156839125
0.885000000000002	1.46133305033358
0.890000000000001	1.4624967397284
0.895	1.4635054428719
0.899999999999999	1.46435754795662
0.905000000000001	1.4650510716378
0.91	1.46558367096788
0.914999999999999	1.46595263316054
0.920000000000002	1.46615470274236
0.925000000000001	1.46618587167166
0.93	1.46604130720103
0.934999999999999	1.46571537170511
0.940000000000001	1.46520164970384
0.945	1.46449305006335
0.949999999999999	1.46358203512584
0.955000000000002	1.46246090535687
0.960000000000001	1.46112207165675
0.965	1.45955831430698
0.969999999999999	1.45776307356139
0.975000000000001	1.45573078625626
0.98	1.45345717470258
0.984999999999999	1.4509394098754
0.990000000000002	1.44817618197471
0.995000000000001	1.44516769595678
1	1.44191560328684
1.005	1.43842293766762
1.01	1.43469403167726
1.015	1.43073435930319
1.02	1.4265504325078
1.025	1.42214990186006
1.03	1.41754179614564
1.035	1.41273676269138
1.04	1.40774730361264
1.045	1.40258802714723
1.05	1.39727586016733
1.055	1.39183019190147
1.06	1.38627290866732
1.065	1.38062827362785
1.07	1.37492271174084
1.075	1.36918457659719
1.08	1.36344391393909
1.085	1.35773218377952
1.09	1.35208185452492
1.095	1.34652607128308
1.1	1.3410988591056
1.105	1.33583571919851
1.11	1.33077374672685
1.115	1.32595067480601
1.12	1.32140330148757
1.125	1.31716621499679
1.13	1.31327106696119
1.135	1.30974610522118
1.14	1.3066155281616
1.145	1.30389824869547
1.15	1.30160617898159
1.155	1.29974232358994
