5 0 4 0 0 0 0 2 1 0 0 5 0
0 0.45 0 0 0 0 36.0 1
0 0.57 0 0 0 0  5.5 1
0 0.85 0 0 0 0 15.0 1
0 1.05 0 0 0 0 4.17 1
0 0 0 0 0 0 1.0 1
5 1 0.0 0.0 0.0 1.0 0.0 0.0 0.0 1.0
1 2 0.0 0.0 0.0 1.0 0.0 0.0 0.0 1.0
1 3 0.0 0.0 0.0 1.0 0.0 0.0 0.0 1.0
3 4 0.0 0.0 0.0 1.0 0.0 0.0 0.0 1.0
5 1 0.0
5 3 0.0
2 5 2 0.0 0.0 -0.05 0.05 20
5 1 0.0 0.0 0.0 0.0 49342 0.462 2475 0.0
1 2 0.0 0.0 0.0 0.0 20000 0.125  330 0.0
1 3 0.0 0.0 0.0 0.0 192000 0.405 910 0.0
2 3 0.0 0.0 0.0 0.0 10000 0.205 200 0.0
3 4 0.0 0.0 0.0 0.0 134400 0.205 250 0.0
0 -9.81
8 1 5 5
0 0.01 2 0.01