0	90.32228976546531	718.5541615410494	0	-0.3291890521901999	0
0.005	94.33871919716705	710.402580719807	0	-0.3290236382921067	0
0.01	98.42914052199875	701.6971411270838	0	-0.3288216696664147	0
0.015	102.5180270189356	692.2719291790249	0	-0.3285740696823951	0
0.02	106.5319592646814	681.9439547408882	0	-0.3282697681825854	0
0.025	110.3977737624923	670.5235074600469	0	-0.3278955227763427	0
0.03	114.0391673849319	657.8166451105279	0	-0.3274357697375586	0
0.035	117.3725252745493	643.622201327158	0	-0.3268725289507435	0
0.04	120.302440374946	627.7278873577849	0	-0.3261853717143524	0
0.045	122.7181105584419	609.9081151161515	0	-0.3253514493377879	0
0.05	124.4916487230152	589.9254143368894	0	-0.3243455985399447	0
0.055	125.4784619789843	567.5390835614061	0	-0.3231405502842921	0
0.06	125.5206453102622	542.5235924008184	0	-0.321707261462571	0
0.065	124.4547584201659	514.698434104281	0	-0.3200153906515723	0
0.07000000000000001	122.1242077128341	483.9700557991408	0	-0.3180339357088817	0
0.075	118.3957005838416	450.3782486246496	0	-0.3157320283506789	0
0.08	113.1781475856404	414.1326035215056	0	-0.313079880825006	0
0.08500000000000001	106.4413649412148	375.6321821426823	0	-0.3100499053802335	0
0.09	98.2327619013917	335.4709489108535	0	-0.3066180226802937	0
0.095	88.69064959482009	294.4285005849034	0	-0.302765140136917	0
0.1	78.05203010866499	253.4400181940272	0	-0.2984787613954199	0
0.105	66.65173590113872	213.5389944062544	0	-0.2937546664168882	0
0.11	54.90808123883282	175.7704462772678	0	-0.2885985473163134	0
0.115	43.29088998429008	141.0813279783841	0	-0.2830273836105425	0
0.12	32.27297715704631	110.2071813978762	0	-0.2770702085674246	0
0.125	22.27277132378035	83.58829468272769	0	-0.2707679286724551	0
0.13	13.60151796515935	61.34879971464543	0	-0.2641722461716365	0
0.135	6.430812984640542	43.34306170359238	0	-0.2573444194559994	0
0.14	0.7912113517362906	29.23822815854995	0	-0.2503545741288997	0
0.145	-3.401381261784091	18.5934853319129	0	-0.2432811435182909	0
0.15	-6.30823793537922	10.91655608367942	0	-0.2362093796044843	0
0.155	-8.134653734319498	5.700545568575706	0	-0.2292281768436	0
0.16	-9.104583260215032	2.450279828841858	0	-0.2224247893208896	0
0.165	-9.438737388494689	0.7029473269071211	0	-0.2158788258376164	0
0.17	-9.335446807632852	0.0447991515399852	0	-0.2096581768438447	0
0.175	-8.959275675251821	0.1231502452324718	0	-0.2038168161536517	0
0.18	-8.438321685963361	0.6521191712148156	0	-0.1983942089713569	0
0.185	-7.866303722168431	1.412728296154302	0	-0.1934181551398727	0
0.19	-7.307015902468622	2.247954999673076	0	-0.1889087366199391	0
0.195	-6.800153106798037	3.053414659202782	0	-0.1848788062568851	0
0.2	-6.367269049085399	3.766671576909862	0	-0.1813331509133749	0
0.205	-6.016789481928418	4.357744103261051	0	-0.1782710111324947	0
0.21	-5.747834215441705	4.820199469011818	0	-0.1756893620246331	0
0.215	-5.553247365410593	5.161968314707839	0	-0.1735820950981354	0
0.22	-5.422119769260726	5.397990689180772	0	-0.171938303501413	0
0.225	-5.341914117070051	5.546208049731738	0	-0.1707443882555196	0
0.23	-5.300247025968864	5.624970976299444	0	-0.1699868444376817	0
0.235	-5.286164930372513	5.650703084584856	0	-0.1696528410042524	0
0.24	-5.29068093216273	5.637241323437133	0	-0.1697318297088149	0
0.245	-5.306717965608192	5.596793512882704	0	-0.17021841380472	0
0.25	-5.328934068662138	5.540369135282331	0	-0.1711119396208013	0
0.255	-5.353553934030646	5.477259858330136	0	-0.172412910755163	0
0.26	-5.378091056152936	5.414593258263666	0	-0.1741201058975658	0
0.265	-5.401066953960545	5.357117312796872	0	-0.1762286621788141	0
0.27	-5.421699277337511	5.307261246979897	0	-0.1787276886000238	0
0.275	-5.439546233015169	5.265481891898502	0	-0.181597870356538	0
0.28	-5.45436376387946	5.230391435799533	0	-0.1848094724108051	0
0.285	-5.466112764218578	5.199071096828658	0	-0.1883208154188914	0
0.29	-5.47489851640727	5.168471166522842	0	-0.1920781479644391	0
0.295	-5.480966706749414	5.137109072484451	0	-0.196015968819182	0
0.3	0	0	0	-0.200061640872356	0
0.305	-5.487056460478994	5.075689041817212	0	-0.2041508416386761	0
0.31	-5.488297138557038	5.04895062261747	0	-0.2082358033435342	0
0.315	-5.48872429944841	5.026160569291442	0	-0.2122675464932769	0
0.32	-5.488389227111229	5.007946581300545	0	-0.2161734021785778	0
0.325	0	0	0	-0.2198568482555013	0
0.33	0	0	0	-0.2232239692164796	0
0.335	0	0	0	-0.2262213499817713	0
0.34	-5.48084012166701	4.99637885808237	0	-0.2288536340682332	0
0.345	0	0	0	-0.2311691694664038	0
0.35	-5.47528016352421	5.010868760992748	0	-0.2332393560555306	0
0.355	-5.473308937371185	5.016610195478349	0	-0.2351435162981784	0
0.36	-5.471946834911496	5.020522855288919	0	-0.2369463492981266	0
0.365	0	0	0	-0.2386828688349911	0
0.37	0	0	0	-0.2403777727175108	0
0.375	-5.469922318310338	5.022779545504034	0	-0.2420781357287999	0
0.38	-5.469090638683403	5.017056411209461	0	-0.243852719659274	0
0.385	-5.468084916655952	5.006103594875833	0	-0.2457577791831174	0
0.39	-5.467203584832713	4.990685446599398	0	-0.2478090712169728	0
0.395	0	0	0	-0.2499808183391763	0
0.4	-5.46656023703874	4.953624941895725	0	-0.2522244118446351	0
0.405	0	0	0	-0.2544861722885158	0
0.41	-5.467035217564448	4.922656708886013	0	-0.2567117209305348	0
0.415	0	0	0	-0.2588440108987872	0
0.42	0	0	0	-0.2608284035544504	0
0.425	0	0	0	-0.262631728455869	0
0.43	-5.473038471374309	4.93142699738703	0	-0.264255202276174	0
0.435	0	0	0	-0.2657210707357588	0
0.44	-5.479193487453434	4.956184930729507	0	-0.267052177811635	0
0.445	0	0	0	-0.2682636557483602	0
0.45	0	0	0	-0.269367767708079	0
0.455	0	0	0	-0.2703929355941578	0
0.46	-5.483924442366505	4.992154554120198	0	-0.2713967609552881	0
0.465	-5.482454017176869	4.98886378195736	0	-0.2724463709821192	0
0.47	-5.480231149037297	4.97722778157198	0	-0.2735789976784649	0
0.475	0	0	0	-0.2747815697881733	0
0.48	0	0	0	-0.2760091054503495	0
0.485	0	0	0	-0.277222905605233	0
0.49	-5.468420180777697	4.89148764406959	0	-0.2784090965046731	0
0.495	0	0	0	-0.2795639431351329	0
0.5	-5.465739194063987	4.855566174760004	0	-0.2806726215845534	0
0.505	0	0	0	-0.2817016663487168	0
0.51	0	0	0	-0.2826051206659079	0
0.515	0	0	0	-0.2833444252056371	0
0.52	0	0	0	-0.2839083871339604	0
0.525	0	0	0	-0.284319567012582	0
0.53	0	0	0	-0.2846339257045833	0
0.535	0	0	0	-0.2849405548097304	0
0.54	-5.48206416265833	4.854683664403264	0	-0.2853548335309392	0
0.545	-5.482645814973106	4.859685983799397	0	-0.2859917825267399	0
0.55	0	0	0	-0.2869328665718593	0
0.555	0	0	0	-0.2882257161906327	0
0.5600000000000001	-5.478629326467164	4.86383577060362	0	-0.28991010519352	0
0.5650000000000001	-5.47617110512838	4.855310603817322	0	-0.292017475150762	0
0.5700000000000001	-5.474178112549829	4.838977930447788	0	-0.2945365703795289	0
0.5750000000000001	0	0	0	-0.2973909164014943	0
0.58	0	0	0	-0.300456268872025	0
0.585	0	0	0	-0.3035992270895791	0
0.59	0	0	0	-0.3067027038647869	0
0.595	0	0	0	-0.3096708909361429	0
0.6	0	0	0	-0.3124273834031955	0
0.605	0	0	0	-0.31491338124798	0
0.61	0	0	0	-0.3170860153954012	0
0.615	0	0	0	-0.3189168349188483	0
0.62	0	0	0	-0.3203904821691592	0
0.625	0	0	0	-0.3215035736972557	0
0.63	0	0	0	-0.3222637967407095	0
0.635	0	0	0	-0.3226892236283622	0
0.64	0	0	0	-0.3228078395948433	0
0.645	0	0	0	-0.3226572730567794	0
0.65	0	0	0	-0.3222847112556193	0
0.655	0	0	0	-0.3217469781959509	0
0.66	0	0	0	-0.3211107458909918	0
0.665	-5.459240447598534	4.751329365813069	0	-0.3204459930540403	0
0.67	0	0	0	-0.3198058214022087	0
0.675	0	0	0	-0.3192131455630474	0
0.6799999999999999	0	0	0	-0.318674780824508	0
0.6850000000000001	0	0	0	-0.3182023575888939	0
0.6899999999999999	0	0	0	-0.3178194991783395	0
0.6950000000000001	0	0	0	-0.3175621045666844	0
0.7	-5.470593215970108	4.709624476846208	0	-0.3174720135957738	0
0.7050000000000001	0	0	0	-0.3175774758134107	0
0.71	0	0	0	-0.3178800795597611	0
0.7150000000000001	0	0	0	-0.3183678042882714	0
0.72	0	0	0	-0.3190345148256994	0
0.7250000000000001	-5.501883183481221	4.666276880150322	0	-0.3198796080098756	0
0.73	0	0	0	-0.320887759708778	0
0.7350000000000001	0	0	0	-0.3220151815053264	0
0.74	0	0	0	-0.3232022445989052	0
0.745	0	0	0	-0.3243926500005367	0
0.75	0	0	0	-0.3255393318126278	0
0.755	0	0	0	-0.32660374098115	0
0.76	0	0	0	-0.3275551532722674	0
0.765	0	0	0	-0.3283700253479194	0
0.77	0	0	0	-0.3290314179970877	0
0.775	0	0	0	-0.3295285011510961	0
0.78	0	0	0	-0.3298561512324594	0
0.785	0	0	0	-0.330014647608554	0
0.79	0	0	0	-0.3300094713882186	0
0.795	0	0	0	-0.3298512064515536	0
0.8	0	0	0	-0.329555539378891	0
0.8049999999999999	-5.521964622091906	4.626472779421917	0	-0.3291368789469644	0
0.8100000000000001	0	0	0	-0.328589114686396	0
0.8149999999999999	0	0	0	-0.3278729300677287	0
0.8200000000000001	0	0	0	-0.3269290964666485	0
0.825	0	0	0	-0.3256983494553403	0
0.8300000000000001	0	0	0	-0.3241284591691578	0
0.835	0	0	0	-0.3221750017916508	0
0.8400000000000001	0	0	0	-0.3198023368162386	0
0.845	0	0	0	-0.3169848170527547	0
0.8500000000000001	0	0	0	-0.3137082528843017	0
0.855	0	0	0	-0.3099716460677396	0
0.8600000000000001	0	0	0	-0.3057892012555373	0
0.865	-5.518540699957644	4.780525446953882	0	-0.3011861358250443	0
0.87	0	0	0	-0.296181801172782	0
0.875	0	0	0	-0.2907795434030724	0
0.88	-5.524410355760429	4.805926555884356	0	-0.2849766674532239	0
0.885	0	0	0	-0.2787689958959361	0
0.89	0	0	0	-0.2721487807041951	0
0.895	0	0	0	-0.2651206468511795	0
0.9	-5.517378525635314	4.763045038219452	0	-0.2577170193869481	0
0.905	0	0	0	-0.2499879987881047	0
0.91	0	0	0	-0.2419922273203294	0
0.915	0	0	0	-0.2338152780000083	0
0.92	-5.513875742767675	4.672373690491151	0	-0.2255880530388567	0
0.925	0	0	0	-0.217470684761524	0
0.93	0	0	0	-0.2096156723194358	0
0.9350000000000001	0	0	0	-0.2021449080360696	0
0.9400000000000001	0	0	0	-0.1951474841880998	0
0.9450000000000001	0	0	0	-0.1886842513549781	0
0.95	0	0	0	-0.1827920948910661	0
0.9550000000000001	0	0	0	-0.1774878908566257	0
0.96	0	0	0	-0.1727721175526441	0
0.9650000000000001	0	0	0	-0.1686321111922441	0
0.97	0	0	0	-0.1650449644158933	0
0.9750000000000001	0	0	0	-0.1619800745340983	0
0.98	0	0	0	-0.1594013547764621	0
0.985	0	0	0	-0.15726912665295	0
0.99	0	0	0	-0.1555417149973017	0
0.995	0	0	0	-0.1541767695584493	0
1	0	0	0	-0.1531323383153129	0
1.005	0	0	0	-0.1523677181809329	0
1.01	0	0	0	-0.1518441085857702	0
1.015	0	0	0	-0.1515250927238912	0
1.02	0	0	0	-0.1513769701308417	0
1.025	0	0	0	-0.1513689628444466	0
1.03	0	0	0	-0.1514733157712279	0
1.035	0	0	0	-0.1516653101197181	0
1.04	0	0	0	-0.1519232069331362	0
1.045	0	0	0	-0.1522281359116029	0
1.05	0	0	0	-0.1525639429017927	0
1.055	0	0	0	-0.1529170076837642	0
1.06	0	0	0	-0.1532760420266114	0
1.065	0	0	0	-0.1536318764352541	0
1.07	0	0	0	-0.1539772425827439	0
1.075	0	0	0	-0.1543065571232612	0
1.08	0	0	0	-0.1546157114135883	0
1.085	0	0	0	-0.1549018706347554	0
1.09	0	0	0	-0.1551632848974699	0
1.095	0	0	0	-0.1553991141293702	0
1.1	0	0	0	-0.1556092678719575	0
1.105	0	0	0	-0.15579426055203	0
1.11	0	0	0	-0.155955082327559	0
1.115	0	0	0	-0.1560930852318837	0
1.12	0	0	0	-0.1562098840433897	0
1.125	0	0	0	-0.1563072710811922	0
1.13	0	0	0	-0.1563871439617929	0
1.135	0	0	0	-0.156451445238726	0
1.14	0	0	0	-0.1565021127789234	0
1.145	0	0	0	-0.1565410396986571	0
1.15	0	0	0	-0.1565700426818538	0
1.155	0	0	0	-0.1565908375284777	0
