         0    2.0000
    0.1963    2.1875
    0.3927    2.3750
    0.5890    2.5625
    0.7854    2.7500
    0.9817    2.9375
    1.1781    3.1250
    1.3744    3.3125
    1.5708    3.5000
    1.7671    3.6875
    1.9635    3.8750
    2.1598    4.0625
    2.3562    4.2500
    2.5525    4.4375
    2.7489    4.6250
    2.9452    4.8125
    3.1416    5.0000
    3.3379    4.6250
    3.5343    4.2500
    3.7306    3.8750
    3.9270    3.5000
    4.1233    3.1250
    4.3197    2.7500
    4.5160    2.3750
    4.7124    2.0000
    4.9087    2.0000
    5.1051    2.0000
    5.3014    2.0000
    5.4978    2.0000
    5.6941    2.0000
    5.8905    2.0000
    6.0868    2.0000
    6.2832    2.0000