3   1   1   0   0   1   1   0   1   1
 0.000         0.000         0.000
 0.000         0.000         1.5708
 0.000         3.000         0.000
1   2          0.000         0.000        0.000         0.000
3   1          0.000         1.000        0.000         0.000        0.000         0.000        0.000        -1.000
2   2   3      0.000         0.100        0.000        -0.900        0.000         0.000        4             1
1
1   2   3   0  1.5708        6.300        0.000
3              0.000        -1.000
12             0.000001
0              0.01          1.000