         0    1.0472
    0.0250    1.2043
    0.0500    1.3614
    0.0750    1.5184
    0.1000    1.6755
    0.1250    1.8326
    0.1500    1.9897
    0.1750    2.1468
    0.2000    2.3038
    0.2250    2.4609
    0.2500    2.6180
    0.2750    2.7751
    0.3000    2.9322
    0.3250    3.0892
    0.3500    3.2463
    0.3750    3.4034
    0.4000    3.5605
    0.4250    3.7176
    0.4500    3.8746
    0.4750    4.0317
    0.5000    4.1888
    0.5250    4.3459
    0.5500    4.5030
    0.5750    4.6600
    0.6000    4.8171
    0.6250    4.9742
    0.6500    5.1313
    0.6750    5.2884
    0.7000    5.4454
    0.7250    5.6025
    0.7500    5.7596
    0.7750    5.9167
    0.8000    6.0738
    0.8250    6.2308
    0.8500    6.3879
    0.8750    6.5450
    0.9000    6.7021
    0.9250    6.8592
    0.9500    7.0162
    0.9750    7.1733
    1.0000    7.3304
