         0    1.9836
    0.0100    1.9810
    0.0200    1.9783
    0.0300    1.9757
    0.0400    1.9729
    0.0500    1.9702
    0.0600    1.9674
    0.0700    1.9646
    0.0800    1.9617
    0.0900    1.9589
    0.1000    1.9560
    0.1100    1.9531
    0.1200    1.9501
    0.1300    1.9472
    0.1400    1.9442
    0.1500    1.9412
    0.1600    1.9383
    0.1700    1.9353
    0.1800    1.9322
    0.1900    1.9292
    0.2000    1.9262
    0.2100    1.9232
    0.2200    1.9202
    0.2300    1.9172
    0.2400    1.9142
    0.2500    1.9112
    0.2600    1.9082
    0.2700    1.9052
    0.2800    1.9022
    0.2900    1.8992
    0.3000    1.8963
    0.3100    1.8933
    0.3200    1.8904
    0.3300    1.8875
    0.3400    1.8846
    0.3500    1.8817
    0.3600    1.8789
    0.3700    1.8760
    0.3800    1.8732
    0.3900    1.8704
    0.4000    1.8676
    0.4100    1.8648
    0.4200    1.8621
    0.4300    1.8594
    0.4400    1.8567
    0.4500    1.8540
    0.4600    1.8513
    0.4700    1.8487
    0.4800    1.8461
    0.4900    1.8435
    0.5000    1.8410
    0.5100    1.8384
    0.5200    1.8359
    0.5300    1.8335
    0.5400    1.8310
    0.5500    1.8286
    0.5600    1.8262
    0.5700    1.8239
    0.5800    1.8215
    0.5900    1.8192
    0.6000    1.8170
    0.6100    1.8147
    0.6200    1.8125
    0.6300    1.8104
    0.6400    1.8083
    0.6500    1.8062
    0.6600    1.8041
    0.6700    1.8021
    0.6800    1.8002
    0.6900    1.7983
    0.7000    1.7965
    0.7100    1.7947
    0.7200    1.7929
    0.7300    1.7912
    0.7400    1.7896
    0.7500    1.7881
    0.7600    1.7866
    0.7700    1.7852
    0.7800    1.7838
    0.7900    1.7826
    0.8000    1.7814
    0.8100    1.7803
    0.8200    1.7793
    0.8300    1.7784
    0.8400    1.7776
    0.8500    1.7769
    0.8600    1.7763
    0.8700    1.7758
    0.8800    1.7754
    0.8900    1.7751
    0.9000    1.7749
    0.9100    1.7749
    0.9200    1.7749
    0.9300    1.7751
    0.9400    1.7754
    0.9500    1.7758
    0.9600    1.7763
    0.9700    1.7769
    0.9800    1.7777
    0.9900    1.7785
    1.0000    1.7794
    1.0100    1.7804
    1.0200    1.7815
    1.0300    1.7826
    1.0400    1.7838
    1.0500    1.7849
    1.0600    1.7861
    1.0700    1.7872
    1.0800    1.7883
    1.0900    1.7892
    1.1000    1.7901
    1.1100    1.7909
    1.1200    1.7914
    1.1300    1.7919
    1.1400    1.7921
    1.1500    1.7921
    1.1600    1.7919
    1.1700    1.7914
    1.1800    1.7907
    1.1900    1.7896
    1.2000    1.7883
    1.2100    1.7867
    1.2200    1.7848
    1.2300    1.7827
    1.2400    1.7802
    1.2500    1.7774
    1.2600    1.7744
    1.2700    1.7710
    1.2800    1.7675
    1.2900    1.7637
    1.3000    1.7596
    1.3100    1.7554
    1.3200    1.7510
    1.3300    1.7465
    1.3400    1.7418
    1.3500    1.7371
    1.3600    1.7323
    1.3700    1.7275
    1.3800    1.7227
    1.3900    1.7180
    1.4000    1.7133
    1.4100    1.7087
    1.4200    1.7043
    1.4300    1.7000
    1.4400    1.6960
    1.4500    1.6921
    1.4600    1.6886
    1.4700    1.6853
    1.4800    1.6823
    1.4900    1.6797
    1.5000    1.6774
    1.5100    1.6755
    1.5200    1.6739
    1.5300    1.6727
    1.5400    1.6718
    1.5500    1.6712
    1.5600    1.6710
    1.5700    1.6710
    1.5800    1.6713
    1.5900    1.6718
    1.6000    1.6725
    1.6100    1.6734
    1.6200    1.6745
    1.6300    1.6757
    1.6400    1.6771
    1.6500    1.6785
    1.6600    1.6800
    1.6700    1.6815
    1.6800    1.6830
    1.6900    1.6845
    1.7000    1.6859
    1.7100    1.6873
    1.7200    1.6886
    1.7300    1.6898
    1.7400    1.6908
    1.7500    1.6917
    1.7600    1.6925
    1.7700    1.6931
    1.7800    1.6936
    1.7900    1.6938
    1.8000    1.6939
    1.8100    1.6938
    1.8200    1.6935
    1.8300    1.6930
    1.8400    1.6924
    1.8500    1.6916
    1.8600    1.6907
    1.8700    1.6896
    1.8800    1.6884
    1.8900    1.6871
    1.9000    1.6857
    1.9100    1.6842
    1.9200    1.6827
    1.9300    1.6811
    1.9400    1.6795
    1.9500    1.6779
    1.9600    1.6764
    1.9700    1.6748
    1.9800    1.6734
    1.9900    1.6720
    2.0000    1.6707
    2.0100    1.6695
    2.0200    1.6685
    2.0300    1.6675
    2.0400    1.6668
    2.0500    1.6661
    2.0600    1.6656
    2.0700    1.6652
    2.0800    1.6650
    2.0900    1.6650
    2.1000    1.6651
    2.1100    1.6653
    2.1200    1.6657
    2.1300    1.6663
    2.1400    1.6670
    2.1500    1.6678
    2.1600    1.6689
    2.1700    1.6700
    2.1800    1.6713
    2.1900    1.6728
    2.2000    1.6744
    2.2100    1.6761
    2.2200    1.6780
    2.2300    1.6800
    2.2400    1.6821
    2.2500    1.6844
    2.2600    1.6868
    2.2700    1.6893
    2.2800    1.6920
    2.2900    1.6948
    2.3000    1.6977
    2.3100    1.7007
    2.3200    1.7039
    2.3300    1.7071
    2.3400    1.7105
    2.3500    1.7139
    2.3600    1.7175
    2.3700    1.7212
    2.3800    1.7250
    2.3900    1.7289
    2.4000    1.7328
    2.4100    1.7369
    2.4200    1.7411
    2.4300    1.7453
    2.4400    1.7496
    2.4500    1.7540
    2.4600    1.7585
    2.4700    1.7631
    2.4800    1.7677
    2.4900    1.7724
    2.5000    1.7772
    2.5100    1.7820
    2.5200    1.7869
    2.5300    1.7918
    2.5400    1.7968
    2.5500    1.8019
    2.5600    1.8070
    2.5700    1.8121
    2.5800    1.8173
    2.5900    1.8225
    2.6000    1.8278
    2.6100    1.8331
    2.6200    1.8384
    2.6300    1.8438
    2.6400    1.8492
    2.6500    1.8546
    2.6600    1.8600
    2.6700    1.8654
    2.6800    1.8709
    2.6900    1.8764
    2.7000    1.8819
    2.7100    1.8874
    2.7200    1.8929
    2.7300    1.8985
    2.7400    1.9040
    2.7500    1.9095
    2.7600    1.9151
    2.7700    1.9206
    2.7800    1.9262
    2.7900    1.9317
    2.8000    1.9372
    2.8100    1.9428
    2.8200    1.9483
    2.8300    1.9538
    2.8400    1.9593
    2.8500    1.9648
    2.8600    1.9703
    2.8700    1.9757
    2.8800    1.9812
    2.8900    1.9866
    2.9000    1.9920
    2.9100    1.9974
    2.9200    2.0027
    2.9300    2.0080
    2.9400    2.0133
    2.9500    2.0185
    2.9600    2.0237
    2.9700    2.0289
    2.9800    2.0340
    2.9900    2.0391
    3.0000    2.0442
    3.0100    2.0492
    3.0200    2.0541
    3.0300    2.0590
    3.0400    2.0639
    3.0500    2.0687
    3.0600    2.0735
    3.0700    2.0782
    3.0800    2.0828
    3.0900    2.0874
    3.1000    2.0919
    3.1100    2.0964
    3.1200    2.1008
    3.1300    2.1052
    3.1400    2.1095
    3.1500    2.1137
    3.1600    2.1178
    3.1700    2.1219
    3.1800    2.1260
    3.1900    2.1299
    3.2000    2.1338
    3.2100    2.1377
    3.2200    2.1414
    3.2300    2.1451
    3.2400    2.1487
    3.2500    2.1523
    3.2600    2.1557
    3.2700    2.1591
    3.2800    2.1625
    3.2900    2.1657
    3.3000    2.1689
    3.3100    2.1720
    3.3200    2.1750
    3.3300    2.1779
    3.3400    2.1808
    3.3500    2.1836
    3.3600    2.1863
    3.3700    2.1889
    3.3800    2.1915
    3.3900    2.1939
    3.4000    2.1963
    3.4100    2.1986
    3.4200    2.2008
    3.4300    2.2030
    3.4400    2.2050
    3.4500    2.2070
    3.4600    2.2089
    3.4700    2.2106
    3.4800    2.2123
    3.4900    2.2139
    3.5000    2.2154
    3.5100    2.2168
    3.5200    2.2182
    3.5300    2.2194
    3.5400    2.2205
    3.5500    2.2216
    3.5600    2.2226
    3.5700    2.2235
    3.5800    2.2243
    3.5900    2.2251
    3.6000    2.2257
    3.6100    2.2263
    3.6200    2.2269
    3.6300    2.2274
    3.6400    2.2278
    3.6500    2.2282
    3.6600    2.2285
    3.6700    2.2288
    3.6800    2.2291
    3.6900    2.2293
    3.7000    2.2295
    3.7100    2.2296
    3.7200    2.2297
    3.7300    2.2298
    3.7400    2.2299
    3.7500    2.2300
    3.7600    2.2300
    3.7700    2.2301
    3.7800    2.2301
    3.7900    2.2302
    3.8000    2.2303
    3.8100    2.2303
    3.8200    2.2304
    3.8300    2.2305
    3.8400    2.2306
    3.8500    2.2308
    3.8600    2.2309
    3.8700    2.2311
    3.8800    2.2313
    3.8900    2.2315
    3.9000    2.2317
    3.9100    2.2320
    3.9200    2.2322
    3.9300    2.2325
    3.9400    2.2328
    3.9500    2.2330
    3.9600    2.2333
    3.9700    2.2336
    3.9800    2.2338
    3.9900    2.2341
    4.0000    2.2343
    4.0100    2.2345
    4.0200    2.2346
    4.0300    2.2347
    4.0400    2.2347
    4.0500    2.2347
    4.0600    2.2346
    4.0700    2.2344
    4.0800    2.2341
    4.0900    2.2338
    4.1000    2.2333
    4.1100    2.2328
    4.1200    2.2323
    4.1300    2.2317
    4.1400    2.2310
    4.1500    2.2303
    4.1600    2.2295
    4.1700    2.2287
    4.1800    2.2279
    4.1900    2.2271
    4.2000    2.2262
    4.2100    2.2253
    4.2200    2.2243
    4.2300    2.2233
    4.2400    2.2223
    4.2500    2.2211
    4.2600    2.2200
    4.2700    2.2187
    4.2800    2.2173
    4.2900    2.2158
    4.3000    2.2142
    4.3100    2.2124
    4.3200    2.2104
    4.3300    2.2082
    4.3400    2.2058
    4.3500    2.2033
    4.3600    2.2005
    4.3700    2.1975
    4.3800    2.1943
    4.3900    2.1909
    4.4000    2.1872
    4.4100    2.1833
    4.4200    2.1792
    4.4300    2.1749
    4.4400    2.1703
    4.4500    2.1655
    4.4600    2.1604
    4.4700    2.1551
    4.4800    2.1496
    4.4900    2.1438
    4.5000    2.1378
    4.5100    2.1316
    4.5200    2.1251
    4.5300    2.1185
    4.5400    2.1116
    4.5500    2.1045
    4.5600    2.0972
    4.5700    2.0898
    4.5800    2.0821
    4.5900    2.0743
    4.6000    2.0663
    4.6100    2.0582
    4.6200    2.0500
    4.6300    2.0416
    4.6400    2.0331
    4.6500    2.0245
    4.6600    2.0158
    4.6700    2.0071
    4.6800    1.9983
    4.6900    1.9895
    4.7000    1.9806
    4.7100    1.9718
    4.7200    1.9629
    4.7300    1.9541
    4.7400    1.9454
    4.7500    1.9367
    4.7600    1.9280
    4.7700    1.9195
    4.7800    1.9111
    4.7900    1.9029
    4.8000    1.8947
    4.8100    1.8868
    4.8200    1.8790
    4.8300    1.8714
    4.8400    1.8640
    4.8500    1.8568
    4.8600    1.8498
    4.8700    1.8431
    4.8800    1.8366
    4.8900    1.8303
    4.9000    1.8244
    4.9100    1.8186
    4.9200    1.8132
    4.9300    1.8080
    4.9400    1.8031
    4.9500    1.7984
    4.9600    1.7941
    4.9700    1.7900
    4.9800    1.7862
    4.9900    1.7827
    5.0000    1.7794
    5.0100    1.7764
    5.0200    1.7737
    5.0300    1.7712
    5.0400    1.7689
    5.0500    1.7668
    5.0600    1.7648
    5.0700    1.7631
    5.0800    1.7615
    5.0900    1.7599
    5.1000    1.7585
    5.1100    1.7572
    5.1200    1.7560
    5.1300    1.7547
    5.1400    1.7536
    5.1500    1.7524
    5.1600    1.7513
    5.1700    1.7501
    5.1800    1.7489
    5.1900    1.7477
    5.2000    1.7464
    5.2100    1.7451
    5.2200    1.7438
    5.2300    1.7423
    5.2400    1.7408
    5.2500    1.7392
    5.2600    1.7375
    5.2700    1.7358
    5.2800    1.7339
    5.2900    1.7320
    5.3000    1.7300
    5.3100    1.7279
    5.3200    1.7257
    5.3300    1.7234
    5.3400    1.7210
    5.3500    1.7186
    5.3600    1.7161
    5.3700    1.7135
    5.3800    1.7109
    5.3900    1.7082
    5.4000    1.7055
    5.4100    1.7027
    5.4200    1.6999
    5.4300    1.6971
    5.4400    1.6942
    5.4500    1.6914
    5.4600    1.6886
    5.4700    1.6857
    5.4800    1.6829
    5.4900    1.6801
    5.5000    1.6774
    5.5100    1.6747
    5.5200    1.6720
    5.5300    1.6694
    5.5400    1.6669
    5.5500    1.6644
    5.5600    1.6620
    5.5700    1.6597
    5.5800    1.6574
    5.5900    1.6553
    5.6000    1.6532
    5.6100    1.6512
    5.6200    1.6492
    5.6300    1.6474
    5.6400    1.6457
    5.6500    1.6440
    5.6600    1.6424
    5.6700    1.6410
    5.6800    1.6396
    5.6900    1.6383
    5.7000    1.6371
    5.7100    1.6359
    5.7200    1.6349
    5.7300    1.6339
    5.7400    1.6330
    5.7500    1.6322
    5.7600    1.6315
    5.7700    1.6308
    5.7800    1.6302
    5.7900    1.6296
    5.8000    1.6291
    5.8100    1.6287
    5.8200    1.6283
    5.8300    1.6280
    5.8400    1.6277
    5.8500    1.6275
    5.8600    1.6273
    5.8700    1.6271
    5.8800    1.6269
    5.8900    1.6268
    5.9000    1.6267
    5.9100    1.6266
    5.9200    1.6265
    5.9300    1.6264
    5.9400    1.6263
    5.9500    1.6262
    5.9600    1.6261
    5.9700    1.6259
    5.9800    1.6257
    5.9900    1.6255
    6.0000    1.6253
    6.0100    1.6250
    6.0200    1.6246
    6.0300    1.6243
    6.0400    1.6238
    6.0500    1.6233
    6.0600    1.6228
    6.0700    1.6222
    6.0800    1.6216
    6.0900    1.6209
    6.1000    1.6202
    6.1100    1.6194
    6.1200    1.6186
    6.1300    1.6177
    6.1400    1.6168
    6.1500    1.6158
    6.1600    1.6148
    6.1700    1.6137
    6.1800    1.6126
    6.1900    1.6114
    6.2000    1.6102
    6.2100    1.6090
    6.2200    1.6077
    6.2300    1.6063
    6.2400    1.6050
    6.2500    1.6036
    6.2600    1.6021
    6.2700    1.6006
    6.2800    1.5991
    6.2900    1.5976
    6.3000    1.5960
    6.3100    1.5945
    6.3200    1.5929
    6.3300    1.5913
    6.3400    1.5896
    6.3500    1.5880
    6.3600    1.5864
    6.3700    1.5848
    6.3800    1.5832
    6.3900    1.5817
    6.4000    1.5802
    6.4100    1.5786
    6.4200    1.5772
    6.4300    1.5758
    6.4400    1.5744
    6.4500    1.5731
    6.4600    1.5719
    6.4700    1.5707
    6.4800    1.5696
    6.4900    1.5686
    6.5000    1.5677
    6.5100    1.5669
    6.5200    1.5663
    6.5300    1.5657
    6.5400    1.5653
    6.5500    1.5650
    6.5600    1.5649
    6.5700    1.5649
    6.5800    1.5651
    6.5900    1.5655
    6.6000    1.5660
    6.6100    1.5668
    6.6200    1.5677
    6.6300    1.5689
    6.6400    1.5702
    6.6500    1.5718
    6.6600    1.5736
    6.6700    1.5757
    6.6800    1.5780
    6.6900    1.5806
    6.7000    1.5834
    6.7100    1.5866
    6.7200    1.5900
    6.7300    1.5937
    6.7400    1.5977
    6.7500    1.6020
    6.7600    1.6066
    6.7700    1.6115
    6.7800    1.6168
    6.7900    1.6224
    6.8000    1.6284
    6.8100    1.6347
    6.8200    1.6413
    6.8300    1.6482
    6.8400    1.6554
    6.8500    1.6630
    6.8600    1.6707
    6.8700    1.6788
    6.8800    1.6870
    6.8900    1.6955
    6.9000    1.7042
    6.9100    1.7130
    6.9200    1.7220
    6.9300    1.7312
    6.9400    1.7405
    6.9500    1.7499
    6.9600    1.7593
    6.9700    1.7689
    6.9800    1.7785
    6.9900    1.7882
    7.0000    1.7979
    7.0100    1.8076
    7.0200    1.8172
    7.0300    1.8269
    7.0400    1.8365
    7.0500    1.8461
    7.0600    1.8556
    7.0700    1.8650
    7.0800    1.8744
    7.0900    1.8836
    7.1000    1.8927
    7.1100    1.9016
    7.1200    1.9104
    7.1300    1.9191
    7.1400    1.9276
    7.1500    1.9360
    7.1600    1.9442
    7.1700    1.9522
    7.1800    1.9601
    7.1900    1.9678
    7.2000    1.9754
    7.2100    1.9828
    7.2200    1.9900
    7.2300    1.9970
    7.2400    2.0039
    7.2500    2.0105
    7.2600    2.0170
    7.2700    2.0234
    7.2800    2.0295
    7.2900    2.0355
    7.3000    2.0413
    7.3100    2.0470
    7.3200    2.0525
    7.3300    2.0578
    7.3400    2.0630
    7.3500    2.0680
    7.3600    2.0728
    7.3700    2.0775
    7.3800    2.0821
    7.3900    2.0865
    7.4000    2.0908
    7.4100    2.0949
    7.4200    2.0989
    7.4300    2.1028
    7.4400    2.1066
    7.4500    2.1102
    7.4600    2.1137
    7.4700    2.1172
    7.4800    2.1205
    7.4900    2.1237
    7.5000    2.1268
    7.5100    2.1298
    7.5200    2.1327
    7.5300    2.1355
    7.5400    2.1382
    7.5500    2.1408
    7.5600    2.1433
    7.5700    2.1458
    7.5800    2.1481
    7.5900    2.1503
    7.6000    2.1523
    7.6100    2.1543
    7.6200    2.1561
    7.6300    2.1578
    7.6400    2.1594
    7.6500    2.1608
    7.6600    2.1620
    7.6700    2.1631
    7.6800    2.1639
    7.6900    2.1646
    7.7000    2.1650
    7.7100    2.1652
    7.7200    2.1651
    7.7300    2.1648
    7.7400    2.1643
    7.7500    2.1634
    7.7600    2.1623
    7.7700    2.1610
    7.7800    2.1594
    7.7900    2.1576
    7.8000    2.1555
    7.8100    2.1532
    7.8200    2.1508
    7.8300    2.1481
    7.8400    2.1453
    7.8500    2.1424
    7.8600    2.1393
    7.8700    2.1362
    7.8800    2.1330
    7.8900    2.1298
    7.9000    2.1265
    7.9100    2.1233
    7.9200    2.1200
    7.9300    2.1169
    7.9400    2.1138
    7.9500    2.1107
    7.9600    2.1078
    7.9700    2.1050
    7.9800    2.1023
    7.9900    2.0998
    8.0000    2.0973
    8.0100    2.0951
    8.0200    2.0929
    8.0300    2.0909
    8.0400    2.0890
    8.0500    2.0873
    8.0600    2.0856
    8.0700    2.0841
    8.0800    2.0826
    8.0900    2.0813
    8.1000    2.0800
    8.1100    2.0789
    8.1200    2.0777
    8.1300    2.0767
    8.1400    2.0757
    8.1500    2.0748
    8.1600    2.0740
    8.1700    2.0732
    8.1800    2.0725
    8.1900    2.0718
    8.2000    2.0712
    8.2100    2.0706
    8.2200    2.0701
    8.2300    2.0696
    8.2400    2.0692
    8.2500    2.0688
    8.2600    2.0685
    8.2700    2.0682
    8.2800    2.0680
    8.2900    2.0678
    8.3000    2.0677
    8.3100    2.0676
    8.3200    2.0676
    8.3300    2.0677
    8.3400    2.0678
    8.3500    2.0680
    8.3600    2.0682
    8.3700    2.0685
    8.3800    2.0689
    8.3900    2.0693
    8.4000    2.0698
    8.4100    2.0704
    8.4200    2.0710
    8.4300    2.0717
    8.4400    2.0725
    8.4500    2.0734
    8.4600    2.0743
    8.4700    2.0753
    8.4800    2.0764
    8.4900    2.0776
    8.5000    2.0788
    8.5100    2.0802
    8.5200    2.0816
    8.5300    2.0831
    8.5400    2.0846
    8.5500    2.0863
    8.5600    2.0880
    8.5700    2.0898
    8.5800    2.0917
    8.5900    2.0936
    8.6000    2.0957
    8.6100    2.0978
    8.6200    2.0999
    8.6300    2.1022
    8.6400    2.1045
    8.6500    2.1069
    8.6600    2.1093
    8.6700    2.1118
    8.6800    2.1144
    8.6900    2.1171
    8.7000    2.1198
    8.7100    2.1225
    8.7200    2.1253
    8.7300    2.1282
    8.7400    2.1311
    8.7500    2.1340
    8.7600    2.1370
    8.7700    2.1399
    8.7800    2.1430
    8.7900    2.1460
    8.8000    2.1490
    8.8100    2.1520
    8.8200    2.1550
    8.8300    2.1581
    8.8400    2.1611
    8.8500    2.1641
    8.8600    2.1670
    8.8700    2.1700
    8.8800    2.1729
    8.8900    2.1758
    8.9000    2.1786
    8.9100    2.1815
    8.9200    2.1842
    8.9300    2.1869
    8.9400    2.1896
    8.9500    2.1922
    8.9600    2.1947
    8.9700    2.1972
    8.9800    2.1996
    8.9900    2.2019
    9.0000    2.2042
    9.0100    2.2064
    9.0200    2.2084
    9.0300    2.2104
    9.0400    2.2123
    9.0500    2.2141
    9.0600    2.2158
    9.0700    2.2174
    9.0800    2.2189
    9.0900    2.2203
    9.1000    2.2215
    9.1100    2.2226
    9.1200    2.2236
    9.1300    2.2245
    9.1400    2.2252
    9.1500    2.2258
    9.1600    2.2263
    9.1700    2.2266
    9.1800    2.2267
    9.1900    2.2267
    9.2000    2.2265
    9.2100    2.2261
    9.2200    2.2256
    9.2300    2.2248
    9.2400    2.2239
    9.2500    2.2228
    9.2600    2.2215
    9.2700    2.2200
    9.2800    2.2183
    9.2900    2.2164
    9.3000    2.2142
    9.3100    2.2118
    9.3200    2.2092
    9.3300    2.2063
    9.3400    2.2032
    9.3500    2.1999
    9.3600    2.1964
    9.3700    2.1927
    9.3800    2.1887
    9.3900    2.1846
    9.4000    2.1802
    9.4100    2.1757
    9.4200    2.1709
    9.4300    2.1660
    9.4400    2.1608
    9.4500    2.1555
    9.4600    2.1500
    9.4700    2.1443
    9.4800    2.1384
    9.4900    2.1323
    9.5000    2.1261
    9.5100    2.1197
    9.5200    2.1132
    9.5300    2.1065
    9.5400    2.0996
    9.5500    2.0927
    9.5600    2.0855
    9.5700    2.0783
    9.5800    2.0709
    9.5900    2.0634
    9.6000    2.0558
    9.6100    2.0481
    9.6200    2.0403
    9.6300    2.0325
    9.6400    2.0245
    9.6500    2.0165
    9.6600    2.0084
    9.6700    2.0003
    9.6800    1.9921
    9.6900    1.9839
    9.7000    1.9757
    9.7100    1.9675
    9.7200    1.9592
    9.7300    1.9510
    9.7400    1.9428
    9.7500    1.9347
    9.7600    1.9266
    9.7700    1.9186
    9.7800    1.9106
    9.7900    1.9028
    9.8000    1.8950
    9.8100    1.8873
    9.8200    1.8798
    9.8300    1.8724
    9.8400    1.8652
    9.8500    1.8581
    9.8600    1.8512
    9.8700    1.8445
    9.8800    1.8380
    9.8900    1.8317
    9.9000    1.8257
    9.9100    1.8198
    9.9200    1.8142
    9.9300    1.8089
    9.9400    1.8038
    9.9500    1.7990
    9.9600    1.7945
    9.9700    1.7903
    9.9800    1.7864
    9.9900    1.7827
   10.0000    1.7794
   10.0100    1.7764
   10.0200    1.7737
   10.0300    1.7712
   10.0400    1.7690
   10.0500    1.7670
   10.0600    1.7653
   10.0700    1.7637
   10.0800    1.7623
   10.0900    1.7611
   10.1000    1.7600
   10.1100    1.7590
   10.1200    1.7581
   10.1300    1.7573
   10.1400    1.7565
   10.1500    1.7557
   10.1600    1.7550
   10.1700    1.7542
   10.1800    1.7534
   10.1900    1.7526
   10.2000    1.7517
   10.2100    1.7507
   10.2200    1.7496
   10.2300    1.7485
   10.2400    1.7472
   10.2500    1.7458
   10.2600    1.7443
   10.2700    1.7426
   10.2800    1.7408
   10.2900    1.7389
   10.3000    1.7368
   10.3100    1.7346
   10.3200    1.7322
   10.3300    1.7298
   10.3400    1.7272
   10.3500    1.7245
   10.3600    1.7216
   10.3700    1.7187
   10.3800    1.7157
   10.3900    1.7126
   10.4000    1.7095
   10.4100    1.7063
   10.4200    1.7030
   10.4300    1.6998
   10.4400    1.6965
   10.4500    1.6932
   10.4600    1.6900
   10.4700    1.6867
   10.4800    1.6836
   10.4900    1.6804
   10.5000    1.6774
   10.5100    1.6744
   10.5200    1.6716
   10.5300    1.6688
   10.5400    1.6661
   10.5500    1.6636
   10.5600    1.6612
   10.5700    1.6588
   10.5800    1.6566
   10.5900    1.6546
   10.6000    1.6526
   10.6100    1.6507
   10.6200    1.6490
   10.6300    1.6474
   10.6400    1.6458
   10.6500    1.6444
   10.6600    1.6431
   10.6700    1.6419
   10.6800    1.6408
   10.6900    1.6397
   10.7000    1.6388
   10.7100    1.6379
   10.7200    1.6371
   10.7300    1.6364
   10.7400    1.6358
   10.7500    1.6352
   10.7600    1.6346
   10.7700    1.6341
   10.7800    1.6337
   10.7900    1.6333
   10.8000    1.6329
   10.8100    1.6326
   10.8200    1.6322
   10.8300    1.6319
   10.8400    1.6317
   10.8500    1.6314
   10.8600    1.6311
   10.8700    1.6308
   10.8800    1.6306
   10.8900    1.6303
   10.9000    1.6300
   10.9100    1.6297
   10.9200    1.6293
   10.9300    1.6289
   10.9400    1.6286
   10.9500    1.6281
   10.9600    1.6277
   10.9700    1.6271
   10.9800    1.6266
   10.9900    1.6260
   11.0000    1.6253
   11.0100    1.6245
   11.0200    1.6237
   11.0300    1.6229
   11.0400    1.6220
   11.0500    1.6210
   11.0600    1.6200
   11.0700    1.6189
   11.0800    1.6178
   11.0900    1.6166
   11.1000    1.6154
   11.1100    1.6141
   11.1200    1.6128
   11.1300    1.6114
   11.1400    1.6101
   11.1500    1.6086
   11.1600    1.6072
   11.1700    1.6057
   11.1800    1.6041
   11.1900    1.6026
   11.2000    1.6010
   11.2100    1.5994
   11.2200    1.5977
   11.2300    1.5961
   11.2400    1.5944
   11.2500    1.5928
   11.2600    1.5911
   11.2700    1.5894
   11.2800    1.5877
   11.2900    1.5860
   11.3000    1.5843
   11.3100    1.5826
   11.3200    1.5810
   11.3300    1.5793
   11.3400    1.5777
   11.3500    1.5761
   11.3600    1.5745
   11.3700    1.5730
   11.3800    1.5715
   11.3900    1.5700
   11.4000    1.5686
   11.4100    1.5672
   11.4200    1.5659
   11.4300    1.5647
   11.4400    1.5635
   11.4500    1.5624
   11.4600    1.5613
   11.4700    1.5604
   11.4800    1.5595
   11.4900    1.5587
   11.5000    1.5580
   11.5100    1.5574
   11.5200    1.5568
   11.5300    1.5564
   11.5400    1.5561
   11.5500    1.5559
   11.5600    1.5558
   11.5700    1.5559
   11.5800    1.5560
   11.5900    1.5563
   11.6000    1.5567
   11.6100    1.5572
   11.6200    1.5579
   11.6300    1.5586
   11.6400    1.5595
   11.6500    1.5606
   11.6600    1.5618
   11.6700    1.5631
   11.6800    1.5645
   11.6900    1.5661
   11.7000    1.5678
   11.7100    1.5696
   11.7200    1.5716
   11.7300    1.5737
   11.7400    1.5758
   11.7500    1.5781
   11.7600    1.5805
   11.7700    1.5830
   11.7800    1.5856
   11.7900    1.5882
   11.8000    1.5909
   11.8100    1.5936
   11.8200    1.5963
   11.8300    1.5990
   11.8400    1.6017
   11.8500    1.6044
   11.8600    1.6069
   11.8700    1.6094
   11.8800    1.6117
   11.8900    1.6140
   11.9000    1.6160
   11.9100    1.6179
   11.9200    1.6196
   11.9300    1.6211
   11.9400    1.6223
   11.9500    1.6234
   11.9600    1.6242
   11.9700    1.6248
   11.9800    1.6252
   11.9900    1.6253
   12.0000    1.6252
   12.0100    1.6249
   12.0200    1.6244
   12.0300    1.6237
   12.0400    1.6228
   12.0500    1.6217
   12.0600    1.6205
   12.0700    1.6191
   12.0800    1.6177
   12.0900    1.6162
   12.1000    1.6146
   12.1100    1.6130
   12.1200    1.6114
   12.1300    1.6098
   12.1400    1.6082
   12.1500    1.6068
   12.1600    1.6055
   12.1700    1.6043
   12.1800    1.6032
   12.1900    1.6024
   12.2000    1.6018
   12.2100    1.6014
   12.2200    1.6014
   12.2300    1.6016
   12.2400    1.6023
   12.2500    1.6034
   12.2600    1.6049
   12.2700    1.6070
   12.2800    1.6096
   12.2900    1.6128
   12.3000    1.6166
   12.3100    1.6211
   12.3200    1.6263
   12.3300    1.6322
   12.3400    1.6389
   12.3500    1.6463
   12.3600    1.6546
   12.3700    1.6637
   12.3800    1.6737
   12.3900    1.6845
   12.4000    1.6963
   12.4100    1.7089
   12.4200    1.7224
   12.4300    1.7368
   12.4400    1.7521
   12.4500    1.7682
   12.4600    1.7852
   12.4700    1.8029
   12.4800    1.8214
   12.4900    1.8405
   12.5000    1.8603
   12.5100    1.8805
   12.5200    1.9010
   12.5300    1.9214
   12.5400    1.9414
   12.5500    1.9610
   12.5600    1.9798
   12.5700    1.9977
   12.5800    2.0148
   12.5900    2.0308
   12.6000    2.0459
   12.6100    2.0599
   12.6200    2.0728
   12.6300    2.0847
   12.6400    2.0956
   12.6500    2.1053
   12.6600    2.1138
   12.6700    2.1209
   12.6800    2.1263
   12.6900    2.1299
   12.7000    2.1310
   12.7100    2.1295
   12.7200    2.1250
   12.7300    2.1179
   12.7400    2.1085
   12.7500    2.0974
   12.7600    2.0851
   12.7700    2.0726
   12.7800    2.0606
   12.7900    2.0499
   12.8000    2.0410
   12.8100    2.0343
   12.8200    2.0297
   12.8300    2.0269
   12.8400    2.0257
   12.8500    2.0258
   12.8600    2.0271
   12.8700    2.0293
   12.8800    2.0323
   12.8900    2.0360
   12.9000    2.0403
   12.9100    2.0450
   12.9200    2.0502
   12.9300    2.0556
   12.9400    2.0613
   12.9500    2.0672
   12.9600    2.0732
   12.9700    2.0791
   12.9800    2.0850
   12.9900    2.0907
   13.0000    2.0960
   13.0100    2.1010
   13.0200    2.1056
   13.0300    2.1098
   13.0400    2.1136
   13.0500    2.1170
   13.0600    2.1201
   13.0700    2.1228
   13.0800    2.1252
   13.0900    2.1273
   13.1000    2.1291
   13.1100    2.1307
   13.1200    2.1319
   13.1300    2.1329
   13.1400    2.1337
   13.1500    2.1342
   13.1600    2.1345
   13.1700    2.1346
   13.1800    2.1345
   13.1900    2.1343
   13.2000    2.1339
   13.2100    2.1333
   13.2200    2.1326
   13.2300    2.1318
   13.2400    2.1309
   13.2500    2.1299
   13.2600    2.1289
   13.2700    2.1277
   13.2800    2.1266
   13.2900    2.1254
   13.3000    2.1242
   13.3100    2.1229
   13.3200    2.1217
   13.3300    2.1206
   13.3400    2.1194
   13.3500    2.1183
   13.3600    2.1173
   13.3700    2.1164
   13.3800    2.1156
   13.3900    2.1149
   13.4000    2.1143
   13.4100    2.1138
   13.4200    2.1135
   13.4300    2.1134
   13.4400    2.1135
   13.4500    2.1138
   13.4600    2.1142
   13.4700    2.1149
   13.4800    2.1158
   13.4900    2.1170
   13.5000    2.1184
   13.5100    2.1201
   13.5200    2.1221
   13.5300    2.1242
   13.5400    2.1266
   13.5500    2.1292
   13.5600    2.1320
   13.5700    2.1350
   13.5800    2.1381
   13.5900    2.1413
   13.6000    2.1446
   13.6100    2.1481
   13.6200    2.1516
   13.6300    2.1553
   13.6400    2.1589
   13.6500    2.1627
   13.6600    2.1664
   13.6700    2.1702
   13.6800    2.1739
   13.6900    2.1777
   13.7000    2.1814
   13.7100    2.1850
   13.7200    2.1887
   13.7300    2.1922
   13.7400    2.1957
   13.7500    2.1990
   13.7600    2.2023
   13.7700    2.2054
   13.7800    2.2084
   13.7900    2.2113
   13.8000    2.2140
   13.8100    2.2165
   13.8200    2.2188
   13.8300    2.2210
   13.8400    2.2229
   13.8500    2.2246
   13.8600    2.2261
   13.8700    2.2273
   13.8800    2.2282
   13.8900    2.2289
   13.9000    2.2293
   13.9100    2.2294
   13.9200    2.2292
   13.9300    2.2286
   13.9400    2.2277
   13.9500    2.2265
   13.9600    2.2248
   13.9700    2.2228
   13.9800    2.2204
   13.9900    2.2175
   14.0000    2.2142
   14.0100    2.2104
   14.0200    2.2062
   14.0300    2.2016
   14.0400    2.1965
   14.0500    2.1910
   14.0600    2.1851
   14.0700    2.1789
   14.0800    2.1722
   14.0900    2.1652
   14.1000    2.1578
   14.1100    2.1501
   14.1200    2.1421
   14.1300    2.1337
   14.1400    2.1251
   14.1500    2.1162
   14.1600    2.1070
   14.1700    2.0975
   14.1800    2.0879
   14.1900    2.0780
   14.2000    2.0679
   14.2100    2.0576
   14.2200    2.0472
   14.2300    2.0366
   14.2400    2.0259
   14.2500    2.0150
   14.2600    2.0041
   14.2700    1.9932
   14.2800    1.9822
   14.2900    1.9711
   14.3000    1.9601
   14.3100    1.9491
   14.3200    1.9381
   14.3300    1.9272
   14.3400    1.9164
   14.3500    1.9058
   14.3600    1.8953
   14.3700    1.8849
   14.3800    1.8748
   14.3900    1.8649
   14.4000    1.8552
   14.4100    1.8459
   14.4200    1.8368
   14.4300    1.8281
   14.4400    1.8198
   14.4500    1.8119
   14.4600    1.8044
   14.4700    1.7974
   14.4800    1.7909
   14.4900    1.7849
   14.5000    1.7794
   14.5100    1.7745
   14.5200    1.7702
   14.5300    1.7665
   14.5400    1.7633
   14.5500    1.7607
   14.5600    1.7586
   14.5700    1.7570
   14.5800    1.7559
   14.5900    1.7554
   14.6000    1.7553
   14.6100    1.7557
   14.6200    1.7566
   14.6300    1.7579
   14.6400    1.7597
   14.6500    1.7619
   14.6600    1.7644
   14.6700    1.7674
   14.6800    1.7708
   14.6900    1.7745
   14.7000    1.7786
   14.7100    1.7830
   14.7200    1.7877
   14.7300    1.7927
   14.7400    1.7980
   14.7500    1.8036
   14.7600    1.8094
   14.7700    1.8154
   14.7800    1.8217
   14.7900    1.8282
   14.8000    1.8348
   14.8100    1.8417
   14.8200    1.8486
   14.8300    1.8557
   14.8400    1.8630
   14.8500    1.8703
   14.8600    1.8778
   14.8700    1.8853
   14.8800    1.8928
   14.8900    1.9005
   14.9000    1.9081
   14.9100    1.9158
   14.9200    1.9234
   14.9300    1.9311
   14.9400    1.9388
   14.9500    1.9464
   14.9600    1.9540
   14.9700    1.9615
   14.9800    1.9689
   14.9900    1.9763
   15.0000    1.9836
