         0    1.9580
    0.0100    1.9601
    0.0200    1.9622
    0.0300    1.9642
    0.0400    1.9662
    0.0500    1.9681
    0.0600    1.9700
    0.0700    1.9718
    0.0800    1.9736
    0.0900    1.9753
    0.1000    1.9770
    0.1100    1.9786
    0.1200    1.9802
    0.1300    1.9817
    0.1400    1.9831
    0.1500    1.9846
    0.1600    1.9859
    0.1700    1.9873
    0.1800    1.9885
    0.1900    1.9898
    0.2000    1.9910
    0.2100    1.9921
    0.2200    1.9932
    0.2300    1.9943
    0.2400    1.9953
    0.2500    1.9963
    0.2600    1.9972
    0.2700    1.9982
    0.2800    1.9990
    0.2900    1.9999
    0.3000    2.0007
    0.3100    2.0015
    0.3200    2.0022
    0.3300    2.0030
    0.3400    2.0037
    0.3500    2.0043
    0.3600    2.0050
    0.3700    2.0056
    0.3800    2.0062
    0.3900    2.0068
    0.4000    2.0073
    0.4100    2.0079
    0.4200    2.0084
    0.4300    2.0089
    0.4400    2.0093
    0.4500    2.0098
    0.4600    2.0102
    0.4700    2.0107
    0.4800    2.0111
    0.4900    2.0115
    0.5000    2.0118
    0.5100    2.0122
    0.5200    2.0126
    0.5300    2.0129
    0.5400    2.0132
    0.5500    2.0135
    0.5600    2.0138
    0.5700    2.0141
    0.5800    2.0144
    0.5900    2.0147
    0.6000    2.0149
    0.6100    2.0152
    0.6200    2.0154
    0.6300    2.0157
    0.6400    2.0159
    0.6500    2.0161
    0.6600    2.0163
    0.6700    2.0165
    0.6800    2.0167
    0.6900    2.0169
    0.7000    2.0170
    0.7100    2.0172
    0.7200    2.0173
    0.7300    2.0175
    0.7400    2.0176
    0.7500    2.0177
    0.7600    2.0178
    0.7700    2.0179
    0.7800    2.0180
    0.7900    2.0181
    0.8000    2.0181
    0.8100    2.0181
    0.8200    2.0182
    0.8300    2.0182
    0.8400    2.0182
    0.8500    2.0181
    0.8600    2.0181
    0.8700    2.0180
    0.8800    2.0178
    0.8900    2.0177
    0.9000    2.0175
    0.9100    2.0173
    0.9200    2.0170
    0.9300    2.0167
    0.9400    2.0163
    0.9500    2.0158
    0.9600    2.0153
    0.9700    2.0147
    0.9800    2.0141
    0.9900    2.0133
    1.0000    2.0124
    1.0100    2.0114
    1.0200    2.0103
    1.0300    2.0091
    1.0400    2.0078
    1.0500    2.0062
    1.0600    2.0046
    1.0700    2.0028
    1.0800    2.0008
    1.0900    1.9986
    1.1000    1.9963
    1.1100    1.9937
    1.1200    1.9910
    1.1300    1.9881
    1.1400    1.9850
    1.1500    1.9818
    1.1600    1.9783
    1.1700    1.9747
    1.1800    1.9709
    1.1900    1.9670
    1.2000    1.9629
    1.2100    1.9587
    1.2200    1.9543
    1.2300    1.9498
    1.2400    1.9452
    1.2500    1.9406
    1.2600    1.9358
    1.2700    1.9310
    1.2800    1.9261
    1.2900    1.9212
    1.3000    1.9163
    1.3100    1.9114
    1.3200    1.9065
    1.3300    1.9017
    1.3400    1.8968
    1.3500    1.8921
    1.3600    1.8874
    1.3700    1.8828
    1.3800    1.8783
    1.3900    1.8740
    1.4000    1.8698
    1.4100    1.8657
    1.4200    1.8617
    1.4300    1.8580
    1.4400    1.8544
    1.4500    1.8510
    1.4600    1.8479
    1.4700    1.8449
    1.4800    1.8422
    1.4900    1.8397
    1.5000    1.8375
    1.5100    1.8355
    1.5200    1.8338
    1.5300    1.8323
    1.5400    1.8311
    1.5500    1.8301
    1.5600    1.8293
    1.5700    1.8287
    1.5800    1.8284
    1.5900    1.8282
    1.6000    1.8282
    1.6100    1.8284
    1.6200    1.8287
    1.6300    1.8292
    1.6400    1.8299
    1.6500    1.8306
    1.6600    1.8315
    1.6700    1.8325
    1.6800    1.8335
    1.6900    1.8346
    1.7000    1.8358
    1.7100    1.8371
    1.7200    1.8384
    1.7300    1.8397
    1.7400    1.8410
    1.7500    1.8423
    1.7600    1.8436
    1.7700    1.8448
    1.7800    1.8460
    1.7900    1.8472
    1.8000    1.8483
    1.8100    1.8494
    1.8200    1.8503
    1.8300    1.8512
    1.8400    1.8521
    1.8500    1.8528
    1.8600    1.8534
    1.8700    1.8539
    1.8800    1.8544
    1.8900    1.8547
    1.9000    1.8549
    1.9100    1.8551
    1.9200    1.8551
    1.9300    1.8551
    1.9400    1.8550
    1.9500    1.8548
    1.9600    1.8546
    1.9700    1.8543
    1.9800    1.8540
    1.9900    1.8536
    2.0000    1.8533
    2.0100    1.8528
    2.0200    1.8524
    2.0300    1.8520
    2.0400    1.8516
    2.0500    1.8512
    2.0600    1.8508
    2.0700    1.8505
    2.0800    1.8502
    2.0900    1.8499
    2.1000    1.8496
    2.1100    1.8494
    2.1200    1.8493
    2.1300    1.8491
    2.1400    1.8491
    2.1500    1.8490
    2.1600    1.8491
    2.1700    1.8491
    2.1800    1.8493
    2.1900    1.8494
    2.2000    1.8496
    2.2100    1.8499
    2.2200    1.8502
    2.2300    1.8506
    2.2400    1.8510
    2.2500    1.8515
    2.2600    1.8520
    2.2700    1.8525
    2.2800    1.8531
    2.2900    1.8537
    2.3000    1.8544
    2.3100    1.8551
    2.3200    1.8559
    2.3300    1.8567
    2.3400    1.8575
    2.3500    1.8583
    2.3600    1.8592
    2.3700    1.8601
    2.3800    1.8610
    2.3900    1.8619
    2.4000    1.8629
    2.4100    1.8639
    2.4200    1.8648
    2.4300    1.8658
    2.4400    1.8669
    2.4500    1.8679
    2.4600    1.8689
    2.4700    1.8700
    2.4800    1.8710
    2.4900    1.8720
    2.5000    1.8731
    2.5100    1.8741
    2.5200    1.8751
    2.5300    1.8762
    2.5400    1.8772
    2.5500    1.8782
    2.5600    1.8792
    2.5700    1.8801
    2.5800    1.8811
    2.5900    1.8821
    2.6000    1.8830
    2.6100    1.8839
    2.6200    1.8848
    2.6300    1.8857
    2.6400    1.8865
    2.6500    1.8873
    2.6600    1.8882
    2.6700    1.8889
    2.6800    1.8897
    2.6900    1.8904
    2.7000    1.8911
    2.7100    1.8918
    2.7200    1.8924
    2.7300    1.8931
    2.7400    1.8936
    2.7500    1.8942
    2.7600    1.8947
    2.7700    1.8952
    2.7800    1.8957
    2.7900    1.8961
    2.8000    1.8966
    2.8100    1.8969
    2.8200    1.8973
    2.8300    1.8976
    2.8400    1.8979
    2.8500    1.8982
    2.8600    1.8984
    2.8700    1.8986
    2.8800    1.8987
    2.8900    1.8988
    2.9000    1.8989
    2.9100    1.8990
    2.9200    1.8990
    2.9300    1.8990
    2.9400    1.8989
    2.9500    1.8988
    2.9600    1.8987
    2.9700    1.8985
    2.9800    1.8983
    2.9900    1.8981
    3.0000    1.8978
    3.0100    1.8975
    3.0200    1.8971
    3.0300    1.8967
    3.0400    1.8963
    3.0500    1.8958
    3.0600    1.8953
    3.0700    1.8948
    3.0800    1.8942
    3.0900    1.8935
    3.1000    1.8929
    3.1100    1.8922
    3.1200    1.8914
    3.1300    1.8906
    3.1400    1.8898
    3.1500    1.8889
    3.1600    1.8881
    3.1700    1.8871
    3.1800    1.8862
    3.1900    1.8852
    3.2000    1.8842
    3.2100    1.8831
    3.2200    1.8820
    3.2300    1.8809
    3.2400    1.8798
    3.2500    1.8787
    3.2600    1.8775
    3.2700    1.8763
    3.2800    1.8751
    3.2900    1.8739
    3.3000    1.8726
    3.3100    1.8714
    3.3200    1.8701
    3.3300    1.8689
    3.3400    1.8676
    3.3500    1.8664
    3.3600    1.8651
    3.3700    1.8638
    3.3800    1.8626
    3.3900    1.8613
    3.4000    1.8601
    3.4100    1.8589
    3.4200    1.8577
    3.4300    1.8565
    3.4400    1.8553
    3.4500    1.8542
    3.4600    1.8531
    3.4700    1.8520
    3.4800    1.8510
    3.4900    1.8500
    3.5000    1.8490
    3.5100    1.8481
    3.5200    1.8472
    3.5300    1.8463
    3.5400    1.8455
    3.5500    1.8447
    3.5600    1.8440
    3.5700    1.8434
    3.5800    1.8428
    3.5900    1.8422
    3.6000    1.8418
    3.6100    1.8413
    3.6200    1.8410
    3.6300    1.8407
    3.6400    1.8405
    3.6500    1.8403
    3.6600    1.8403
    3.6700    1.8403
    3.6800    1.8404
    3.6900    1.8406
    3.7000    1.8408
    3.7100    1.8412
    3.7200    1.8416
    3.7300    1.8422
    3.7400    1.8428
    3.7500    1.8436
    3.7600    1.8444
    3.7700    1.8454
    3.7800    1.8465
    3.7900    1.8476
    3.8000    1.8489
    3.8100    1.8504
    3.8200    1.8519
    3.8300    1.8536
    3.8400    1.8554
    3.8500    1.8573
    3.8600    1.8594
    3.8700    1.8616
    3.8800    1.8639
    3.8900    1.8663
    3.9000    1.8689
    3.9100    1.8717
    3.9200    1.8745
    3.9300    1.8775
    3.9400    1.8807
    3.9500    1.8839
    3.9600    1.8873
    3.9700    1.8908
    3.9800    1.8944
    3.9900    1.8981
    4.0000    1.9019
    4.0100    1.9058
    4.0200    1.9097
    4.0300    1.9136
    4.0400    1.9175
    4.0500    1.9214
    4.0600    1.9252
    4.0700    1.9289
    4.0800    1.9326
    4.0900    1.9361
    4.1000    1.9395
    4.1100    1.9428
    4.1200    1.9459
    4.1300    1.9488
    4.1400    1.9515
    4.1500    1.9541
    4.1600    1.9564
    4.1700    1.9586
    4.1800    1.9606
    4.1900    1.9625
    4.2000    1.9642
    4.2100    1.9658
    4.2200    1.9672
    4.2300    1.9686
    4.2400    1.9699
    4.2500    1.9712
    4.2600    1.9724
    4.2700    1.9736
    4.2800    1.9749
    4.2900    1.9762
    4.3000    1.9775
    4.3100    1.9790
    4.3200    1.9806
    4.3300    1.9822
    4.3400    1.9839
    4.3500    1.9858
    4.3600    1.9877
    4.3700    1.9898
    4.3800    1.9919
    4.3900    1.9940
    4.4000    1.9963
    4.4100    1.9986
    4.4200    2.0009
    4.4300    2.0033
    4.4400    2.0057
    4.4500    2.0081
    4.4600    2.0105
    4.4700    2.0129
    4.4800    2.0152
    4.4900    2.0175
    4.5000    2.0198
    4.5100    2.0220
    4.5200    2.0242
    4.5300    2.0262
    4.5400    2.0282
    4.5500    2.0301
    4.5600    2.0319
    4.5700    2.0337
    4.5800    2.0353
    4.5900    2.0368
    4.6000    2.0382
    4.6100    2.0394
    4.6200    2.0406
    4.6300    2.0416
    4.6400    2.0426
    4.6500    2.0434
    4.6600    2.0441
    4.6700    2.0447
    4.6800    2.0451
    4.6900    2.0455
    4.7000    2.0457
    4.7100    2.0459
    4.7200    2.0459
    4.7300    2.0458
    4.7400    2.0456
    4.7500    2.0453
    4.7600    2.0449
    4.7700    2.0445
    4.7800    2.0439
    4.7900    2.0432
    4.8000    2.0425
    4.8100    2.0417
    4.8200    2.0408
    4.8300    2.0398
    4.8400    2.0387
    4.8500    2.0376
    4.8600    2.0363
    4.8700    2.0351
    4.8800    2.0337
    4.8900    2.0323
    4.9000    2.0308
    4.9100    2.0292
    4.9200    2.0276
    4.9300    2.0259
    4.9400    2.0242
    4.9500    2.0224
    4.9600    2.0205
    4.9700    2.0186
    4.9800    2.0166
    4.9900    2.0145
    5.0000    2.0124
    5.0100    2.0102
    5.0200    2.0080
    5.0300    2.0057
    5.0400    2.0034
    5.0500    2.0009
    5.0600    1.9984
    5.0700    1.9958
    5.0800    1.9932
    5.0900    1.9904
    5.1000    1.9876
    5.1100    1.9847
    5.1200    1.9818
    5.1300    1.9787
    5.1400    1.9756
    5.1500    1.9723
    5.1600    1.9690
    5.1700    1.9657
    5.1800    1.9622
    5.1900    1.9587
    5.2000    1.9551
    5.2100    1.9514
    5.2200    1.9476
    5.2300    1.9439
    5.2400    1.9400
    5.2500    1.9361
    5.2600    1.9321
    5.2700    1.9281
    5.2800    1.9241
    5.2900    1.9200
    5.3000    1.9159
    5.3100    1.9118
    5.3200    1.9077
    5.3300    1.9035
    5.3400    1.8994
    5.3500    1.8953
    5.3600    1.8911
    5.3700    1.8870
    5.3800    1.8829
    5.3900    1.8789
    5.4000    1.8748
    5.4100    1.8708
    5.4200    1.8669
    5.4300    1.8630
    5.4400    1.8592
    5.4500    1.8554
    5.4600    1.8516
    5.4700    1.8480
    5.4800    1.8444
    5.4900    1.8409
    5.5000    1.8375
    5.5100    1.8342
    5.5200    1.8309
    5.5300    1.8277
    5.5400    1.8247
    5.5500    1.8217
    5.5600    1.8188
    5.5700    1.8160
    5.5800    1.8132
    5.5900    1.8106
    5.6000    1.8080
    5.6100    1.8056
    5.6200    1.8032
    5.6300    1.8009
    5.6400    1.7987
    5.6500    1.7965
    5.6600    1.7944
    5.6700    1.7925
    5.6800    1.7906
    5.6900    1.7887
    5.7000    1.7870
    5.7100    1.7853
    5.7200    1.7837
    5.7300    1.7822
    5.7400    1.7807
    5.7500    1.7793
    5.7600    1.7780
    5.7700    1.7767
    5.7800    1.7755
    5.7900    1.7743
    5.8000    1.7733
    5.8100    1.7723
    5.8200    1.7713
    5.8300    1.7704
    5.8400    1.7695
    5.8500    1.7688
    5.8600    1.7680
    5.8700    1.7673
    5.8800    1.7667
    5.8900    1.7661
    5.9000    1.7655
    5.9100    1.7650
    5.9200    1.7646
    5.9300    1.7642
    5.9400    1.7638
    5.9500    1.7634
    5.9600    1.7631
    5.9700    1.7628
    5.9800    1.7626
    5.9900    1.7624
    6.0000    1.7622
    6.0100    1.7620
    6.0200    1.7619
    6.0300    1.7618
    6.0400    1.7617
    6.0500    1.7616
    6.0600    1.7615
    6.0700    1.7615
    6.0800    1.7615
    6.0900    1.7615
    6.1000    1.7615
    6.1100    1.7615
    6.1200    1.7616
    6.1300    1.7616
    6.1400    1.7617
    6.1500    1.7617
    6.1600    1.7618
    6.1700    1.7619
    6.1800    1.7620
    6.1900    1.7621
    6.2000    1.7622
    6.2100    1.7623
    6.2200    1.7624
    6.2300    1.7625
    6.2400    1.7626
    6.2500    1.7627
    6.2600    1.7628
    6.2700    1.7629
    6.2800    1.7630
    6.2900    1.7630
    6.3000    1.7631
    6.3100    1.7631
    6.3200    1.7632
    6.3300    1.7632
    6.3400    1.7633
    6.3500    1.7633
    6.3600    1.7633
    6.3700    1.7633
    6.3800    1.7633
    6.3900    1.7633
    6.4000    1.7633
    6.4100    1.7633
    6.4200    1.7632
    6.4300    1.7632
    6.4400    1.7632
    6.4500    1.7632
    6.4600    1.7632
    6.4700    1.7632
    6.4800    1.7632
    6.4900    1.7632
    6.5000    1.7632
    6.5100    1.7633
    6.5200    1.7634
    6.5300    1.7635
    6.5400    1.7636
    6.5500    1.7637
    6.5600    1.7639
    6.5700    1.7641
    6.5800    1.7644
    6.5900    1.7647
    6.6000    1.7650
    6.6100    1.7654
    6.6200    1.7659
    6.6300    1.7664
    6.6400    1.7669
    6.6500    1.7675
    6.6600    1.7682
    6.6700    1.7689
    6.6800    1.7697
    6.6900    1.7706
    6.7000    1.7715
    6.7100    1.7725
    6.7200    1.7736
    6.7300    1.7747
    6.7400    1.7759
    6.7500    1.7772
    6.7600    1.7785
    6.7700    1.7799
    6.7800    1.7814
    6.7900    1.7829
    6.8000    1.7845
    6.8100    1.7861
    6.8200    1.7878
    6.8300    1.7895
    6.8400    1.7913
    6.8500    1.7931
    6.8600    1.7949
    6.8700    1.7967
    6.8800    1.7985
    6.8900    1.8003
    6.9000    1.8020
    6.9100    1.8038
    6.9200    1.8055
    6.9300    1.8072
    6.9400    1.8088
    6.9500    1.8103
    6.9600    1.8118
    6.9700    1.8132
    6.9800    1.8146
    6.9900    1.8159
    7.0000    1.8170
    7.0100    1.8181
    7.0200    1.8191
    7.0300    1.8199
    7.0400    1.8207
    7.0500    1.8213
    7.0600    1.8218
    7.0700    1.8222
    7.0800    1.8224
    7.0900    1.8225
    7.1000    1.8225
    7.1100    1.8223
    7.1200    1.8219
    7.1300    1.8214
    7.1400    1.8208
    7.1500    1.8200
    7.1600    1.8191
    7.1700    1.8181
    7.1800    1.8169
    7.1900    1.8156
    7.2000    1.8142
    7.2100    1.8126
    7.2200    1.8109
    7.2300    1.8091
    7.2400    1.8073
    7.2500    1.8053
    7.2600    1.8032
    7.2700    1.8010
    7.2800    1.7988
    7.2900    1.7965
    7.3000    1.7942
    7.3100    1.7917
    7.3200    1.7893
    7.3300    1.7868
    7.3400    1.7843
    7.3500    1.7818
    7.3600    1.7793
    7.3700    1.7768
    7.3800    1.7743
    7.3900    1.7718
    7.4000    1.7694
    7.4100    1.7670
    7.4200    1.7647
    7.4300    1.7625
    7.4400    1.7604
    7.4500    1.7583
    7.4600    1.7564
    7.4700    1.7545
    7.4800    1.7528
    7.4900    1.7513
    7.5000    1.7498
    7.5100    1.7486
    7.5200    1.7475
    7.5300    1.7465
    7.5400    1.7458
    7.5500    1.7452
    7.5600    1.7449
    7.5700    1.7448
    7.5800    1.7449
    7.5900    1.7452
    7.6000    1.7457
    7.6100    1.7465
    7.6200    1.7476
    7.6300    1.7489
    7.6400    1.7504
    7.6500    1.7522
    7.6600    1.7543
    7.6700    1.7567
    7.6800    1.7593
    7.6900    1.7622
    7.7000    1.7653
    7.7100    1.7687
    7.7200    1.7723
    7.7300    1.7761
    7.7400    1.7800
    7.7500    1.7840
    7.7600    1.7881
    7.7700    1.7923
    7.7800    1.7964
    7.7900    1.8006
    7.8000    1.8046
    7.8100    1.8086
    7.8200    1.8124
    7.8300    1.8161
    7.8400    1.8196
    7.8500    1.8230
    7.8600    1.8261
    7.8700    1.8291
    7.8800    1.8318
    7.8900    1.8344
    7.9000    1.8367
    7.9100    1.8388
    7.9200    1.8408
    7.9300    1.8425
    7.9400    1.8441
    7.9500    1.8455
    7.9600    1.8467
    7.9700    1.8478
    7.9800    1.8488
    7.9900    1.8497
    8.0000    1.8504
    8.0100    1.8511
    8.0200    1.8517
    8.0300    1.8523
    8.0400    1.8528
    8.0500    1.8533
    8.0600    1.8538
    8.0700    1.8542
    8.0800    1.8546
    8.0900    1.8551
    8.1000    1.8555
    8.1100    1.8559
    8.1200    1.8563
    8.1300    1.8568
    8.1400    1.8572
    8.1500    1.8577
    8.1600    1.8581
    8.1700    1.8586
    8.1800    1.8591
    8.1900    1.8596
    8.2000    1.8602
    8.2100    1.8607
    8.2200    1.8613
    8.2300    1.8619
    8.2400    1.8625
    8.2500    1.8631
    8.2600    1.8637
    8.2700    1.8644
    8.2800    1.8651
    8.2900    1.8657
    8.3000    1.8664
    8.3100    1.8671
    8.3200    1.8679
    8.3300    1.8686
    8.3400    1.8693
    8.3500    1.8701
    8.3600    1.8709
    8.3700    1.8717
    8.3800    1.8724
    8.3900    1.8732
    8.4000    1.8740
    8.4100    1.8748
    8.4200    1.8757
    8.4300    1.8765
    8.4400    1.8773
    8.4500    1.8781
    8.4600    1.8790
    8.4700    1.8798
    8.4800    1.8806
    8.4900    1.8814
    8.5000    1.8823
    8.5100    1.8831
    8.5200    1.8839
    8.5300    1.8847
    8.5400    1.8856
    8.5500    1.8864
    8.5600    1.8872
    8.5700    1.8880
    8.5800    1.8888
    8.5900    1.8895
    8.6000    1.8903
    8.6100    1.8911
    8.6200    1.8918
    8.6300    1.8926
    8.6400    1.8933
    8.6500    1.8940
    8.6600    1.8947
    8.6700    1.8954
    8.6800    1.8961
    8.6900    1.8968
    8.7000    1.8974
    8.7100    1.8981
    8.7200    1.8987
    8.7300    1.8993
    8.7400    1.8999
    8.7500    1.9005
    8.7600    1.9011
    8.7700    1.9017
    8.7800    1.9023
    8.7900    1.9029
    8.8000    1.9035
    8.8100    1.9040
    8.8200    1.9046
    8.8300    1.9052
    8.8400    1.9057
    8.8500    1.9063
    8.8600    1.9069
    8.8700    1.9075
    8.8800    1.9081
    8.8900    1.9087
    8.9000    1.9093
    8.9100    1.9100
    8.9200    1.9107
    8.9300    1.9113
    8.9400    1.9121
    8.9500    1.9128
    8.9600    1.9136
    8.9700    1.9144
    8.9800    1.9152
    8.9900    1.9161
    9.0000    1.9170
    9.0100    1.9180
    9.0200    1.9190
    9.0300    1.9200
    9.0400    1.9212
    9.0500    1.9223
    9.0600    1.9236
    9.0700    1.9249
    9.0800    1.9263
    9.0900    1.9277
    9.1000    1.9293
    9.1100    1.9309
    9.1200    1.9326
    9.1300    1.9343
    9.1400    1.9362
    9.1500    1.9381
    9.1600    1.9402
    9.1700    1.9423
    9.1800    1.9445
    9.1900    1.9468
    9.2000    1.9492
    9.2100    1.9517
    9.2200    1.9543
    9.2300    1.9569
    9.2400    1.9597
    9.2500    1.9625
    9.2600    1.9654
    9.2700    1.9683
    9.2800    1.9713
    9.2900    1.9744
    9.3000    1.9775
    9.3100    1.9807
    9.3200    1.9839
    9.3300    1.9871
    9.3400    1.9903
    9.3500    1.9936
    9.3600    1.9967
    9.3700    1.9999
    9.3800    2.0030
    9.3900    2.0061
    9.4000    2.0091
    9.4100    2.0121
    9.4200    2.0149
    9.4300    2.0177
    9.4400    2.0204
    9.4500    2.0230
    9.4600    2.0256
    9.4700    2.0280
    9.4800    2.0303
    9.4900    2.0324
    9.5000    2.0345
    9.5100    2.0365
    9.5200    2.0383
    9.5300    2.0400
    9.5400    2.0416
    9.5500    2.0430
    9.5600    2.0444
    9.5700    2.0456
    9.5800    2.0467
    9.5900    2.0477
    9.6000    2.0485
    9.6100    2.0493
    9.6200    2.0499
    9.6300    2.0504
    9.6400    2.0508
    9.6500    2.0511
    9.6600    2.0512
    9.6700    2.0513
    9.6800    2.0513
    9.6900    2.0511
    9.7000    2.0509
    9.7100    2.0506
    9.7200    2.0501
    9.7300    2.0496
    9.7400    2.0490
    9.7500    2.0483
    9.7600    2.0476
    9.7700    2.0467
    9.7800    2.0458
    9.7900    2.0448
    9.8000    2.0438
    9.8100    2.0427
    9.8200    2.0415
    9.8300    2.0402
    9.8400    2.0389
    9.8500    2.0376
    9.8600    2.0362
    9.8700    2.0347
    9.8800    2.0332
    9.8900    2.0317
    9.9000    2.0301
    9.9100    2.0285
    9.9200    2.0269
    9.9300    2.0252
    9.9400    2.0235
    9.9500    2.0217
    9.9600    2.0199
    9.9700    2.0181
    9.9800    2.0162
    9.9900    2.0143
   10.0000    2.0124
   10.0100    2.0105
   10.0200    2.0084
   10.0300    2.0064
   10.0400    2.0043
   10.0500    2.0021
   10.0600    1.9999
   10.0700    1.9976
   10.0800    1.9952
   10.0900    1.9928
   10.1000    1.9902
   10.1100    1.9876
   10.1200    1.9849
   10.1300    1.9821
   10.1400    1.9792
   10.1500    1.9762
   10.1600    1.9731
   10.1700    1.9699
   10.1800    1.9666
   10.1900    1.9632
   10.2000    1.9597
   10.2100    1.9561
   10.2200    1.9524
   10.2300    1.9486
   10.2400    1.9447
   10.2500    1.9408
   10.2600    1.9367
   10.2700    1.9326
   10.2800    1.9285
   10.2900    1.9243
   10.3000    1.9200
   10.3100    1.9157
   10.3200    1.9114
   10.3300    1.9070
   10.3400    1.9026
   10.3500    1.8982
   10.3600    1.8939
   10.3700    1.8895
   10.3800    1.8852
   10.3900    1.8808
   10.4000    1.8766
   10.4100    1.8723
   10.4200    1.8681
   10.4300    1.8640
   10.4400    1.8600
   10.4500    1.8560
   10.4600    1.8521
   10.4700    1.8483
   10.4800    1.8446
   10.4900    1.8410
   10.5000    1.8375
   10.5100    1.8341
   10.5200    1.8309
   10.5300    1.8277
   10.5400    1.8247
   10.5500    1.8218
   10.5600    1.8190
   10.5700    1.8163
   10.5800    1.8137
   10.5900    1.8112
   10.6000    1.8088
   10.6100    1.8065
   10.6200    1.8043
   10.6300    1.8022
   10.6400    1.8002
   10.6500    1.7983
   10.6600    1.7965
   10.6700    1.7947
   10.6800    1.7931
   10.6900    1.7915
   10.7000    1.7900
   10.7100    1.7885
   10.7200    1.7871
   10.7300    1.7858
   10.7400    1.7845
   10.7500    1.7833
   10.7600    1.7822
   10.7700    1.7811
   10.7800    1.7800
   10.7900    1.7790
   10.8000    1.7780
   10.8100    1.7771
   10.8200    1.7762
   10.8300    1.7753
   10.8400    1.7745
   10.8500    1.7736
   10.8600    1.7728
   10.8700    1.7721
   10.8800    1.7713
   10.8900    1.7705
   10.9000    1.7698
   10.9100    1.7691
   10.9200    1.7683
   10.9300    1.7676
   10.9400    1.7669
   10.9500    1.7661
   10.9600    1.7654
   10.9700    1.7646
   10.9800    1.7638
   10.9900    1.7630
   11.0000    1.7622
   11.0100    1.7613
   11.0200    1.7605
   11.0300    1.7596
   11.0400    1.7586
   11.0500    1.7577
   11.0600    1.7567
   11.0700    1.7558
   11.0800    1.7548
   11.0900    1.7538
   11.1000    1.7527
   11.1100    1.7517
   11.1200    1.7506
   11.1300    1.7496
   11.1400    1.7485
   11.1500    1.7474
   11.1600    1.7463
   11.1700    1.7452
   11.1800    1.7441
   11.1900    1.7430
   11.2000    1.7419
   11.2100    1.7408
   11.2200    1.7396
   11.2300    1.7385
   11.2400    1.7374
   11.2500    1.7363
   11.2600    1.7352
   11.2700    1.7341
   11.2800    1.7329
   11.2900    1.7319
   11.3000    1.7308
   11.3100    1.7297
   11.3200    1.7286
   11.3300    1.7276
   11.3400    1.7265
   11.3500    1.7255
   11.3600    1.7245
   11.3700    1.7236
   11.3800    1.7226
   11.3900    1.7217
   11.4000    1.7208
   11.4100    1.7199
   11.4200    1.7190
   11.4300    1.7182
   11.4400    1.7174
   11.4500    1.7167
   11.4600    1.7159
   11.4700    1.7153
   11.4800    1.7146
   11.4900    1.7140
   11.5000    1.7134
   11.5100    1.7129
   11.5200    1.7124
   11.5300    1.7120
   11.5400    1.7116
   11.5500    1.7113
   11.5600    1.7110
   11.5700    1.7108
   11.5800    1.7106
   11.5900    1.7105
   11.6000    1.7104
   11.6100    1.7104
   11.6200    1.7104
   11.6300    1.7106
   11.6400    1.7107
   11.6500    1.7110
   11.6600    1.7113
   11.6700    1.7116
   11.6800    1.7120
   11.6900    1.7125
   11.7000    1.7131
   11.7100    1.7137
   11.7200    1.7144
   11.7300    1.7151
   11.7400    1.7159
   11.7500    1.7168
   11.7600    1.7177
   11.7700    1.7187
   11.7800    1.7198
   11.7900    1.7209
   11.8000    1.7221
   11.8100    1.7233
   11.8200    1.7246
   11.8300    1.7259
   11.8400    1.7272
   11.8500    1.7286
   11.8600    1.7300
   11.8700    1.7313
   11.8800    1.7327
   11.8900    1.7341
   11.9000    1.7355
   11.9100    1.7368
   11.9200    1.7381
   11.9300    1.7393
   11.9400    1.7405
   11.9500    1.7417
   11.9600    1.7428
   11.9700    1.7438
   11.9800    1.7447
   11.9900    1.7456
   12.0000    1.7463
   12.0100    1.7470
   12.0200    1.7476
   12.0300    1.7480
   12.0400    1.7484
   12.0500    1.7487
   12.0600    1.7489
   12.0700    1.7490
   12.0800    1.7491
   12.0900    1.7490
   12.1000    1.7489
   12.1100    1.7487
   12.1200    1.7485
   12.1300    1.7482
   12.1400    1.7480
   12.1500    1.7477
   12.1600    1.7474
   12.1700    1.7471
   12.1800    1.7468
   12.1900    1.7466
   12.2000    1.7465
   12.2100    1.7464
   12.2200    1.7464
   12.2300    1.7466
   12.2400    1.7468
   12.2500    1.7472
   12.2600    1.7477
   12.2700    1.7483
   12.2800    1.7491
   12.2900    1.7500
   12.3000    1.7511
   12.3100    1.7523
   12.3200    1.7537
   12.3300    1.7552
   12.3400    1.7568
   12.3500    1.7586
   12.3600    1.7605
   12.3700    1.7625
   12.3800    1.7646
   12.3900    1.7667
   12.4000    1.7688
   12.4100    1.7710
   12.4200    1.7730
   12.4300    1.7750
   12.4400    1.7768
   12.4500    1.7784
   12.4600    1.7798
   12.4700    1.7808
   12.4800    1.7814
   12.4900    1.7816
   12.5000    1.7811
   12.5100    1.7799
   12.5200    1.7779
   12.5300    1.7751
   12.5400    1.7715
   12.5500    1.7672
   12.5600    1.7622
   12.5700    1.7566
   12.5800    1.7507
   12.5900    1.7444
   12.6000    1.7381
   12.6100    1.7320
   12.6200    1.7263
   12.6300    1.7212
   12.6400    1.7170
   12.6500    1.7139
   12.6600    1.7121
   12.6700    1.7120
   12.6800    1.7136
   12.6900    1.7171
   12.7000    1.7224
   12.7100    1.7294
   12.7200    1.7374
   12.7300    1.7455
   12.7400    1.7530
   12.7500    1.7593
   12.7600    1.7642
   12.7700    1.7675
   12.7800    1.7696
   12.7900    1.7707
   12.8000    1.7713
   12.8100    1.7718
   12.8200    1.7726
   12.8300    1.7737
   12.8400    1.7754
   12.8500    1.7777
   12.8600    1.7804
   12.8700    1.7838
   12.8800    1.7876
   12.8900    1.7919
   12.9000    1.7966
   12.9100    1.8017
   12.9200    1.8070
   12.9300    1.8125
   12.9400    1.8181
   12.9500    1.8238
   12.9600    1.8295
   12.9700    1.8351
   12.9800    1.8406
   12.9900    1.8458
   13.0000    1.8507
   13.0100    1.8554
   13.0200    1.8598
   13.0300    1.8639
   13.0400    1.8677
   13.0500    1.8713
   13.0600    1.8746
   13.0700    1.8777
   13.0800    1.8806
   13.0900    1.8833
   13.1000    1.8858
   13.1100    1.8881
   13.1200    1.8903
   13.1300    1.8923
   13.1400    1.8941
   13.1500    1.8958
   13.1600    1.8973
   13.1700    1.8987
   13.1800    1.8999
   13.1900    1.9011
   13.2000    1.9021
   13.2100    1.9030
   13.2200    1.9038
   13.2300    1.9045
   13.2400    1.9050
   13.2500    1.9055
   13.2600    1.9059
   13.2700    1.9061
   13.2800    1.9063
   13.2900    1.9064
   13.3000    1.9064
   13.3100    1.9064
   13.3200    1.9063
   13.3300    1.9061
   13.3400    1.9058
   13.3500    1.9055
   13.3600    1.9051
   13.3700    1.9047
   13.3800    1.9043
   13.3900    1.9038
   13.4000    1.9033
   13.4100    1.9027
   13.4200    1.9022
   13.4300    1.9016
   13.4400    1.9010
   13.4500    1.9004
   13.4600    1.8998
   13.4700    1.8993
   13.4800    1.8987
   13.4900    1.8982
   13.5000    1.8977
   13.5100    1.8972
   13.5200    1.8968
   13.5300    1.8964
   13.5400    1.8960
   13.5500    1.8957
   13.5600    1.8954
   13.5700    1.8951
   13.5800    1.8949
   13.5900    1.8947
   13.6000    1.8946
   13.6100    1.8945
   13.6200    1.8944
   13.6300    1.8944
   13.6400    1.8944
   13.6500    1.8945
   13.6600    1.8946
   13.6700    1.8948
   13.6800    1.8950
   13.6900    1.8954
   13.7000    1.8958
   13.7100    1.8962
   13.7200    1.8968
   13.7300    1.8975
   13.7400    1.8982
   13.7500    1.8991
   13.7600    1.9001
   13.7700    1.9013
   13.7800    1.9025
   13.7900    1.9040
   13.8000    1.9055
   13.8100    1.9073
   13.8200    1.9092
   13.8300    1.9113
   13.8400    1.9136
   13.8500    1.9161
   13.8600    1.9188
   13.8700    1.9217
   13.8800    1.9249
   13.8900    1.9282
   13.9000    1.9318
   13.9100    1.9356
   13.9200    1.9396
   13.9300    1.9438
   13.9400    1.9481
   13.9500    1.9527
   13.9600    1.9574
   13.9700    1.9623
   13.9800    1.9673
   13.9900    1.9724
   14.0000    1.9775
   14.0100    1.9828
   14.0200    1.9880
   14.0300    1.9932
   14.0400    1.9983
   14.0500    2.0033
   14.0600    2.0081
   14.0700    2.0128
   14.0800    2.0173
   14.0900    2.0216
   14.1000    2.0256
   14.1100    2.0295
   14.1200    2.0330
   14.1300    2.0363
   14.1400    2.0393
   14.1500    2.0420
   14.1600    2.0445
   14.1700    2.0467
   14.1800    2.0485
   14.1900    2.0502
   14.2000    2.0515
   14.2100    2.0526
   14.2200    2.0534
   14.2300    2.0540
   14.2400    2.0544
   14.2500    2.0545
   14.2600    2.0543
   14.2700    2.0540
   14.2800    2.0535
   14.2900    2.0527
   14.3000    2.0518
   14.3100    2.0507
   14.3200    2.0494
   14.3300    2.0480
   14.3400    2.0464
   14.3500    2.0448
   14.3600    2.0430
   14.3700    2.0410
   14.3800    2.0390
   14.3900    2.0369
   14.4000    2.0348
   14.4100    2.0326
   14.4200    2.0303
   14.4300    2.0280
   14.4400    2.0258
   14.4500    2.0235
   14.4600    2.0212
   14.4700    2.0189
   14.4800    2.0167
   14.4900    2.0145
   14.5000    2.0124
   14.5100    2.0104
   14.5200    2.0085
   14.5300    2.0066
   14.5400    2.0048
   14.5500    2.0032
   14.5600    2.0016
   14.5700    2.0001
   14.5800    1.9987
   14.5900    1.9974
   14.6000    1.9962
   14.6100    1.9951
   14.6200    1.9940
   14.6300    1.9930
   14.6400    1.9921
   14.6500    1.9913
   14.6600    1.9905
   14.6700    1.9898
   14.6800    1.9892
   14.6900    1.9886
   14.7000    1.9880
   14.7100    1.9875
   14.7200    1.9869
   14.7300    1.9865
   14.7400    1.9860
   14.7500    1.9855
   14.7600    1.9850
   14.7700    1.9846
   14.7800    1.9841
   14.7900    1.9836
   14.8000    1.9830
   14.8100    1.9825
   14.8200    1.9818
   14.8300    1.9812
   14.8400    1.9805
   14.8500    1.9797
   14.8600    1.9789
   14.8700    1.9780
   14.8800    1.9770
   14.8900    1.9760
   14.9000    1.9748
   14.9100    1.9736
   14.9200    1.9723
   14.9300    1.9709
   14.9400    1.9693
   14.9500    1.9677
   14.9600    1.9660
   14.9700    1.9642
   14.9800    1.9622
   14.9900    1.9601
   15.0000    1.9580
