  0.00   0.02500000
  0.05   0.07500000
  0.10   0.12500000
  0.15   0.17500000
  0.20   0.22500000
  0.25   0.27500000
  0.30   0.32500000
  0.35   0.37500000
  0.40   0.42500000
  0.45   0.47500000
  0.50   0.52500000
  0.55   0.57500000
  0.60   0.62500000
  0.65   0.67500000
  0.70   0.72500000
  0.75   0.77500000
  0.80   0.82500000
  0.85   0.87500000
  0.90   0.92500000
  0.95   0.97500000
  1.00   1.04720000
  1.20   1.36136000
  1.52   1.67552000
  1.83   1.98968000
  2.15   2.30384000
  2.46   2.61800000
  2.78   2.93216000
  3.09   3.24632000
  3.40   3.56048000
  3.72   3.87464000
  4.03   4.18880000
  4.35   4.50296000
  4.66   4.81712000
  4.97   5.13128000
  5.29   5.44544000
  5.60   5.75960000
  5.92   6.07376000
  6.23   6.38792000
  6.54   6.70208000
  6.86   7.01624000
  7.17   7.33040000
