         0    2.0581
    0.0100    2.0652
    0.0200    2.0723
    0.0300    2.0791
    0.0400    2.0858
    0.0500    2.0924
    0.0600    2.0988
    0.0700    2.1051
    0.0800    2.1112
    0.0900    2.1171
    0.1000    2.1229
    0.1100    2.1285
    0.1200    2.1339
    0.1300    2.1392
    0.1400    2.1443
    0.1500    2.1492
    0.1600    2.1539
    0.1700    2.1585
    0.1800    2.1629
    0.1900    2.1672
    0.2000    2.1713
    0.2100    2.1752
    0.2200    2.1790
    0.2300    2.1827
    0.2400    2.1861
    0.2500    2.1895
    0.2600    2.1927
    0.2700    2.1957
    0.2800    2.1986
    0.2900    2.2014
    0.3000    2.2041
    0.3100    2.2066
    0.3200    2.2091
    0.3300    2.2114
    0.3400    2.2136
    0.3500    2.2156
    0.3600    2.2176
    0.3700    2.2195
    0.3800    2.2213
    0.3900    2.2230
    0.4000    2.2246
    0.4100    2.2261
    0.4200    2.2275
    0.4300    2.2289
    0.4400    2.2301
    0.4500    2.2313
    0.4600    2.2325
    0.4700    2.2335
    0.4800    2.2345
    0.4900    2.2354
    0.5000    2.2363
    0.5100    2.2371
    0.5200    2.2378
    0.5300    2.2384
    0.5400    2.2391
    0.5500    2.2396
    0.5600    2.2401
    0.5700    2.2405
    0.5800    2.2409
    0.5900    2.2413
    0.6000    2.2415
    0.6100    2.2418
    0.6200    2.2419
    0.6300    2.2420
    0.6400    2.2421
    0.6500    2.2421
    0.6600    2.2420
    0.6700    2.2419
    0.6800    2.2418
    0.6900    2.2415
    0.7000    2.2412
    0.7100    2.2409
    0.7200    2.2404
    0.7300    2.2399
    0.7400    2.2393
    0.7500    2.2387
    0.7600    2.2379
    0.7700    2.2371
    0.7800    2.2362
    0.7900    2.2351
    0.8000    2.2340
    0.8100    2.2327
    0.8200    2.2313
    0.8300    2.2298
    0.8400    2.2282
    0.8500    2.2264
    0.8600    2.2244
    0.8700    2.2222
    0.8800    2.2199
    0.8900    2.2173
    0.9000    2.2145
    0.9100    2.2114
    0.9200    2.2081
    0.9300    2.2045
    0.9400    2.2006
    0.9500    2.1963
    0.9600    2.1916
    0.9700    2.1866
    0.9800    2.1811
    0.9900    2.1751
    1.0000    2.1686
    1.0100    2.1616
    1.0200    2.1540
    1.0300    2.1458
    1.0400    2.1371
    1.0500    2.1277
    1.0600    2.1177
    1.0700    2.1072
    1.0800    2.0960
    1.0900    2.0842
    1.1000    2.0719
    1.1100    2.0590
    1.1200    2.0456
    1.1300    2.0318
    1.1400    2.0175
    1.1500    2.0029
    1.1600    1.9880
    1.1700    1.9728
    1.1800    1.9575
    1.1900    1.9421
    1.2000    1.9267
    1.2100    1.9113
    1.2200    1.8960
    1.2300    1.8809
    1.2400    1.8661
    1.2500    1.8517
    1.2600    1.8376
    1.2700    1.8240
    1.2800    1.8108
    1.2900    1.7983
    1.3000    1.7863
    1.3100    1.7749
    1.3200    1.7641
    1.3300    1.7541
    1.3400    1.7447
    1.3500    1.7359
    1.3600    1.7279
    1.3700    1.7205
    1.3800    1.7137
    1.3900    1.7077
    1.4000    1.7022
    1.4100    1.6974
    1.4200    1.6931
    1.4300    1.6894
    1.4400    1.6863
    1.4500    1.6837
    1.4600    1.6816
    1.4700    1.6800
    1.4800    1.6788
    1.4900    1.6782
    1.5000    1.6780
    1.5100    1.6783
    1.5200    1.6791
    1.5300    1.6804
    1.5400    1.6822
    1.5500    1.6844
    1.5600    1.6871
    1.5700    1.6903
    1.5800    1.6940
    1.5900    1.6983
    1.6000    1.7031
    1.6100    1.7084
    1.6200    1.7143
    1.6300    1.7208
    1.6400    1.7279
    1.6500    1.7355
    1.6600    1.7437
    1.6700    1.7525
    1.6800    1.7619
    1.6900    1.7718
    1.7000    1.7823
    1.7100    1.7932
    1.7200    1.8047
    1.7300    1.8166
    1.7400    1.8289
    1.7500    1.8415
    1.7600    1.8545
    1.7700    1.8678
    1.7800    1.8813
    1.7900    1.8949
    1.8000    1.9087
    1.8100    1.9225
    1.8200    1.9363
    1.8300    1.9500
    1.8400    1.9636
    1.8500    1.9770
    1.8600    1.9902
    1.8700    2.0031
    1.8800    2.0157
    1.8900    2.0279
    1.9000    2.0397
    1.9100    2.0511
    1.9200    2.0620
    1.9300    2.0724
    1.9400    2.0823
    1.9500    2.0917
    1.9600    2.1005
    1.9700    2.1089
    1.9800    2.1167
    1.9900    2.1239
    2.0000    2.1307
    2.0100    2.1369
    2.0200    2.1427
    2.0300    2.1479
    2.0400    2.1528
    2.0500    2.1572
    2.0600    2.1613
    2.0700    2.1650
    2.0800    2.1684
    2.0900    2.1715
    2.1000    2.1743
    2.1100    2.1769
    2.1200    2.1791
    2.1300    2.1812
    2.1400    2.1830
    2.1500    2.1846
    2.1600    2.1859
    2.1700    2.1871
    2.1800    2.1882
    2.1900    2.1890
    2.2000    2.1897
    2.2100    2.1902
    2.2200    2.1906
    2.2300    2.1908
    2.2400    2.1908
    2.2500    2.1908
    2.2600    2.1906
    2.2700    2.1902
    2.2800    2.1898
    2.2900    2.1892
    2.3000    2.1884
    2.3100    2.1876
    2.3200    2.1866
    2.3300    2.1855
    2.3400    2.1843
    2.3500    2.1830
    2.3600    2.1815
    2.3700    2.1800
    2.3800    2.1783
    2.3900    2.1765
    2.4000    2.1745
    2.4100    2.1725
    2.4200    2.1703
    2.4300    2.1680
    2.4400    2.1657
    2.4500    2.1631
    2.4600    2.1605
    2.4700    2.1578
    2.4800    2.1549
    2.4900    2.1519
    2.5000    2.1488
    2.5100    2.1456
    2.5200    2.1423
    2.5300    2.1389
    2.5400    2.1354
    2.5500    2.1318
    2.5600    2.1281
    2.5700    2.1243
    2.5800    2.1204
    2.5900    2.1164
    2.6000    2.1123
    2.6100    2.1082
    2.6200    2.1040
    2.6300    2.0997
    2.6400    2.0954
    2.6500    2.0910
    2.6600    2.0866
    2.6700    2.0821
    2.6800    2.0776
    2.6900    2.0731
    2.7000    2.0686
    2.7100    2.0640
    2.7200    2.0595
    2.7300    2.0550
    2.7400    2.0505
    2.7500    2.0460
    2.7600    2.0416
    2.7700    2.0372
    2.7800    2.0329
    2.7900    2.0286
    2.8000    2.0244
    2.8100    2.0204
    2.8200    2.0164
    2.8300    2.0125
    2.8400    2.0086
    2.8500    2.0049
    2.8600    2.0012
    2.8700    1.9977
    2.8800    1.9942
    2.8900    1.9908
    2.9000    1.9874
    2.9100    1.9842
    2.9200    1.9810
    2.9300    1.9779
    2.9400    1.9748
    2.9500    1.9718
    2.9600    1.9689
    2.9700    1.9660
    2.9800    1.9632
    2.9900    1.9604
    3.0000    1.9577
    3.0100    1.9550
    3.0200    1.9524
    3.0300    1.9498
    3.0400    1.9472
    3.0500    1.9447
    3.0600    1.9422
    3.0700    1.9397
    3.0800    1.9372
    3.0900    1.9348
    3.1000    1.9323
    3.1100    1.9299
    3.1200    1.9275
    3.1300    1.9251
    3.1400    1.9227
    3.1500    1.9202
    3.1600    1.9178
    3.1700    1.9154
    3.1800    1.9129
    3.1900    1.9105
    3.2000    1.9080
    3.2100    1.9055
    3.2200    1.9030
    3.2300    1.9004
    3.2400    1.8978
    3.2500    1.8952
    3.2600    1.8925
    3.2700    1.8898
    3.2800    1.8871
    3.2900    1.8843
    3.3000    1.8814
    3.3100    1.8786
    3.3200    1.8756
    3.3300    1.8726
    3.3400    1.8696
    3.3500    1.8665
    3.3600    1.8633
    3.3700    1.8601
    3.3800    1.8568
    3.3900    1.8535
    3.4000    1.8500
    3.4100    1.8465
    3.4200    1.8430
    3.4300    1.8394
    3.4400    1.8357
    3.4500    1.8319
    3.4600    1.8280
    3.4700    1.8241
    3.4800    1.8201
    3.4900    1.8160
    3.5000    1.8119
    3.5100    1.8077
    3.5200    1.8034
    3.5300    1.7991
    3.5400    1.7947
    3.5500    1.7904
    3.5600    1.7861
    3.5700    1.7818
    3.5800    1.7775
    3.5900    1.7734
    3.6000    1.7693
    3.6100    1.7653
    3.6200    1.7614
    3.6300    1.7576
    3.6400    1.7540
    3.6500    1.7506
    3.6600    1.7473
    3.6700    1.7442
    3.6800    1.7413
    3.6900    1.7386
    3.7000    1.7361
    3.7100    1.7338
    3.7200    1.7318
    3.7300    1.7300
    3.7400    1.7285
    3.7500    1.7272
    3.7600    1.7262
    3.7700    1.7255
    3.7800    1.7251
    3.7900    1.7250
    3.8000    1.7253
    3.8100    1.7258
    3.8200    1.7268
    3.8300    1.7281
    3.8400    1.7298
    3.8500    1.7319
    3.8600    1.7345
    3.8700    1.7375
    3.8800    1.7410
    3.8900    1.7450
    3.9000    1.7496
    3.9100    1.7547
    3.9200    1.7604
    3.9300    1.7668
    3.9400    1.7738
    3.9500    1.7815
    3.9600    1.7900
    3.9700    1.7992
    3.9800    1.8091
    3.9900    1.8198
    4.0000    1.8313
    4.0100    1.8436
    4.0200    1.8567
    4.0300    1.8703
    4.0400    1.8846
    4.0500    1.8993
    4.0600    1.9145
    4.0700    1.9299
    4.0800    1.9455
    4.0900    1.9613
    4.1000    1.9770
    4.1100    1.9925
    4.1200    2.0079
    4.1300    2.0230
    4.1400    2.0377
    4.1500    2.0520
    4.1600    2.0657
    4.1700    2.0790
    4.1800    2.0916
    4.1900    2.1036
    4.2000    2.1150
    4.2100    2.1257
    4.2200    2.1358
    4.2300    2.1452
    4.2400    2.1540
    4.2500    2.1622
    4.2600    2.1698
    4.2700    2.1769
    4.2800    2.1834
    4.2900    2.1894
    4.3000    2.1949
    4.3100    2.2000
    4.3200    2.2047
    4.3300    2.2089
    4.3400    2.2129
    4.3500    2.2165
    4.3600    2.2199
    4.3700    2.2229
    4.3800    2.2258
    4.3900    2.2284
    4.4000    2.2308
    4.4100    2.2330
    4.4200    2.2351
    4.4300    2.2369
    4.4400    2.2387
    4.4500    2.2402
    4.4600    2.2417
    4.4700    2.2430
    4.4800    2.2442
    4.4900    2.2453
    4.5000    2.2463
    4.5100    2.2472
    4.5200    2.2480
    4.5300    2.2487
    4.5400    2.2494
    4.5500    2.2499
    4.5600    2.2504
    4.5700    2.2508
    4.5800    2.2511
    4.5900    2.2514
    4.6000    2.2516
    4.6100    2.2517
    4.6200    2.2518
    4.6300    2.2518
    4.6400    2.2517
    4.6500    2.2516
    4.6600    2.2514
    4.6700    2.2511
    4.6800    2.2508
    4.6900    2.2504
    4.7000    2.2499
    4.7100    2.2493
    4.7200    2.2487
    4.7300    2.2479
    4.7400    2.2471
    4.7500    2.2462
    4.7600    2.2452
    4.7700    2.2441
    4.7800    2.2429
    4.7900    2.2416
    4.8000    2.2401
    4.8100    2.2385
    4.8200    2.2368
    4.8300    2.2349
    4.8400    2.2329
    4.8500    2.2307
    4.8600    2.2283
    4.8700    2.2258
    4.8800    2.2230
    4.8900    2.2200
    4.9000    2.2168
    4.9100    2.2133
    4.9200    2.2096
    4.9300    2.2056
    4.9400    2.2013
    4.9500    2.1967
    4.9600    2.1918
    4.9700    2.1865
    4.9800    2.1809
    4.9900    2.1749
    5.0000    2.1686
    5.0100    2.1619
    5.0200    2.1548
    5.0300    2.1473
    5.0400    2.1394
    5.0500    2.1311
    5.0600    2.1223
    5.0700    2.1132
    5.0800    2.1038
    5.0900    2.0939
    5.1000    2.0836
    5.1100    2.0731
    5.1200    2.0621
    5.1300    2.0509
    5.1400    2.0394
    5.1500    2.0276
    5.1600    2.0156
    5.1700    2.0034
    5.1800    1.9910
    5.1900    1.9784
    5.2000    1.9658
    5.2100    1.9531
    5.2200    1.9403
    5.2300    1.9275
    5.2400    1.9148
    5.2500    1.9021
    5.2600    1.8896
    5.2700    1.8771
    5.2800    1.8649
    5.2900    1.8528
    5.3000    1.8409
    5.3100    1.8293
    5.3200    1.8180
    5.3300    1.8070
    5.3400    1.7963
    5.3500    1.7859
    5.3600    1.7759
    5.3700    1.7663
    5.3800    1.7570
    5.3900    1.7482
    5.4000    1.7398
    5.4100    1.7317
    5.4200    1.7241
    5.4300    1.7169
    5.4400    1.7101
    5.4500    1.7038
    5.4600    1.6978
    5.4700    1.6923
    5.4800    1.6871
    5.4900    1.6824
    5.5000    1.6780
    5.5100    1.6740
    5.5200    1.6704
    5.5300    1.6671
    5.5400    1.6641
    5.5500    1.6613
    5.5600    1.6589
    5.5700    1.6567
    5.5800    1.6548
    5.5900    1.6531
    5.6000    1.6516
    5.6100    1.6502
    5.6200    1.6491
    5.6300    1.6481
    5.6400    1.6472
    5.6500    1.6465
    5.6600    1.6458
    5.6700    1.6453
    5.6800    1.6449
    5.6900    1.6445
    5.7000    1.6442
    5.7100    1.6440
    5.7200    1.6438
    5.7300    1.6437
    5.7400    1.6436
    5.7500    1.6436
    5.7600    1.6436
    5.7700    1.6436
    5.7800    1.6437
    5.7900    1.6439
    5.8000    1.6440
    5.8100    1.6443
    5.8200    1.6445
    5.8300    1.6449
    5.8400    1.6453
    5.8500    1.6458
    5.8600    1.6464
    5.8700    1.6471
    5.8800    1.6479
    5.8900    1.6488
    5.9000    1.6498
    5.9100    1.6510
    5.9200    1.6523
    5.9300    1.6537
    5.9400    1.6554
    5.9500    1.6572
    5.9600    1.6592
    5.9700    1.6614
    5.9800    1.6638
    5.9900    1.6665
    6.0000    1.6693
    6.0100    1.6724
    6.0200    1.6758
    6.0300    1.6794
    6.0400    1.6832
    6.0500    1.6873
    6.0600    1.6916
    6.0700    1.6962
    6.0800    1.7011
    6.0900    1.7062
    6.1000    1.7115
    6.1100    1.7171
    6.1200    1.7230
    6.1300    1.7290
    6.1400    1.7353
    6.1500    1.7419
    6.1600    1.7486
    6.1700    1.7556
    6.1800    1.7627
    6.1900    1.7701
    6.2000    1.7776
    6.2100    1.7853
    6.2200    1.7932
    6.2300    1.8012
    6.2400    1.8093
    6.2500    1.8176
    6.2600    1.8259
    6.2700    1.8344
    6.2800    1.8429
    6.2900    1.8515
    6.3000    1.8601
    6.3100    1.8688
    6.3200    1.8775
    6.3300    1.8862
    6.3400    1.8949
    6.3500    1.9036
    6.3600    1.9122
    6.3700    1.9208
    6.3800    1.9293
    6.3900    1.9378
    6.4000    1.9461
    6.4100    1.9544
    6.4200    1.9625
    6.4300    1.9705
    6.4400    1.9783
    6.4500    1.9860
    6.4600    1.9935
    6.4700    2.0009
    6.4800    2.0081
    6.4900    2.0151
    6.5000    2.0219
    6.5100    2.0285
    6.5200    2.0349
    6.5300    2.0410
    6.5400    2.0470
    6.5500    2.0527
    6.5600    2.0582
    6.5700    2.0635
    6.5800    2.0686
    6.5900    2.0734
    6.6000    2.0780
    6.6100    2.0823
    6.6200    2.0864
    6.6300    2.0903
    6.6400    2.0939
    6.6500    2.0973
    6.6600    2.1005
    6.6700    2.1034
    6.6800    2.1061
    6.6900    2.1086
    6.7000    2.1108
    6.7100    2.1128
    6.7200    2.1146
    6.7300    2.1161
    6.7400    2.1174
    6.7500    2.1184
    6.7600    2.1193
    6.7700    2.1198
    6.7800    2.1202
    6.7900    2.1203
    6.8000    2.1201
    6.8100    2.1197
    6.8200    2.1191
    6.8300    2.1182
    6.8400    2.1171
    6.8500    2.1157
    6.8600    2.1141
    6.8700    2.1123
    6.8800    2.1103
    6.8900    2.1080
    6.9000    2.1055
    6.9100    2.1028
    6.9200    2.0998
    6.9300    2.0966
    6.9400    2.0932
    6.9500    2.0896
    6.9600    2.0857
    6.9700    2.0816
    6.9800    2.0772
    6.9900    2.0726
    7.0000    2.0678
    7.0100    2.0627
    7.0200    2.0574
    7.0300    2.0518
    7.0400    2.0460
    7.0500    2.0399
    7.0600    2.0336
    7.0700    2.0271
    7.0800    2.0203
    7.0900    2.0132
    7.1000    2.0059
    7.1100    1.9983
    7.1200    1.9905
    7.1300    1.9825
    7.1400    1.9743
    7.1500    1.9659
    7.1600    1.9574
    7.1700    1.9486
    7.1800    1.9398
    7.1900    1.9308
    7.2000    1.9217
    7.2100    1.9126
    7.2200    1.9034
    7.2300    1.8942
    7.2400    1.8850
    7.2500    1.8758
    7.2600    1.8667
    7.2700    1.8576
    7.2800    1.8487
    7.2900    1.8398
    7.3000    1.8312
    7.3100    1.8227
    7.3200    1.8144
    7.3300    1.8064
    7.3400    1.7985
    7.3500    1.7910
    7.3600    1.7837
    7.3700    1.7768
    7.3800    1.7701
    7.3900    1.7638
    7.4000    1.7579
    7.4100    1.7522
    7.4200    1.7470
    7.4300    1.7422
    7.4400    1.7377
    7.4500    1.7336
    7.4600    1.7299
    7.4700    1.7267
    7.4800    1.7238
    7.4900    1.7214
    7.5000    1.7193
    7.5100    1.7177
    7.5200    1.7166
    7.5300    1.7159
    7.5400    1.7156
    7.5500    1.7159
    7.5600    1.7166
    7.5700    1.7178
    7.5800    1.7196
    7.5900    1.7219
    7.6000    1.7249
    7.6100    1.7284
    7.6200    1.7327
    7.6300    1.7376
    7.6400    1.7433
    7.6500    1.7498
    7.6600    1.7571
    7.6700    1.7653
    7.6800    1.7744
    7.6900    1.7845
    7.7000    1.7956
    7.7100    1.8076
    7.7200    1.8207
    7.7300    1.8346
    7.7400    1.8494
    7.7500    1.8648
    7.7600    1.8810
    7.7700    1.8976
    7.7800    1.9146
    7.7900    1.9319
    7.8000    1.9493
    7.8100    1.9667
    7.8200    1.9840
    7.8300    2.0011
    7.8400    2.0179
    7.8500    2.0342
    7.8600    2.0500
    7.8700    2.0651
    7.8800    2.0797
    7.8900    2.0934
    7.9000    2.1065
    7.9100    2.1187
    7.9200    2.1302
    7.9300    2.1409
    7.9400    2.1508
    7.9500    2.1599
    7.9600    2.1683
    7.9700    2.1760
    7.9800    2.1830
    7.9900    2.1893
    8.0000    2.1951
    8.0100    2.2003
    8.0200    2.2049
    8.0300    2.2092
    8.0400    2.2129
    8.0500    2.2164
    8.0600    2.2195
    8.0700    2.2223
    8.0800    2.2248
    8.0900    2.2270
    8.1000    2.2291
    8.1100    2.2309
    8.1200    2.2326
    8.1300    2.2341
    8.1400    2.2354
    8.1500    2.2366
    8.1600    2.2377
    8.1700    2.2386
    8.1800    2.2395
    8.1900    2.2402
    8.2000    2.2408
    8.2100    2.2414
    8.2200    2.2418
    8.2300    2.2422
    8.2400    2.2425
    8.2500    2.2428
    8.2600    2.2429
    8.2700    2.2430
    8.2800    2.2431
    8.2900    2.2431
    8.3000    2.2430
    8.3100    2.2428
    8.3200    2.2426
    8.3300    2.2424
    8.3400    2.2421
    8.3500    2.2417
    8.3600    2.2413
    8.3700    2.2409
    8.3800    2.2404
    8.3900    2.2398
    8.4000    2.2392
    8.4100    2.2385
    8.4200    2.2378
    8.4300    2.2371
    8.4400    2.2363
    8.4500    2.2354
    8.4600    2.2345
    8.4700    2.2335
    8.4800    2.2325
    8.4900    2.2315
    8.5000    2.2304
    8.5100    2.2292
    8.5200    2.2280
    8.5300    2.2268
    8.5400    2.2255
    8.5500    2.2242
    8.5600    2.2229
    8.5700    2.2215
    8.5800    2.2200
    8.5900    2.2186
    8.6000    2.2171
    8.6100    2.2156
    8.6200    2.2141
    8.6300    2.2125
    8.6400    2.2109
    8.6500    2.2094
    8.6600    2.2078
    8.6700    2.2062
    8.6800    2.2046
    8.6900    2.2031
    8.7000    2.2015
    8.7100    2.2000
    8.7200    2.1985
    8.7300    2.1970
    8.7400    2.1956
    8.7500    2.1942
    8.7600    2.1928
    8.7700    2.1915
    8.7800    2.1902
    8.7900    2.1889
    8.8000    2.1877
    8.8100    2.1865
    8.8200    2.1853
    8.8300    2.1842
    8.8400    2.1831
    8.8500    2.1821
    8.8600    2.1811
    8.8700    2.1802
    8.8800    2.1793
    8.8900    2.1785
    8.9000    2.1777
    8.9100    2.1770
    8.9200    2.1763
    8.9300    2.1757
    8.9400    2.1751
    8.9500    2.1746
    8.9600    2.1741
    8.9700    2.1737
    8.9800    2.1734
    8.9900    2.1731
    9.0000    2.1729
    9.0100    2.1727
    9.0200    2.1726
    9.0300    2.1725
    9.0400    2.1726
    9.0500    2.1726
    9.0600    2.1728
    9.0700    2.1730
    9.0800    2.1733
    9.0900    2.1736
    9.1000    2.1740
    9.1100    2.1745
    9.1200    2.1751
    9.1300    2.1757
    9.1400    2.1764
    9.1500    2.1771
    9.1600    2.1779
    9.1700    2.1788
    9.1800    2.1797
    9.1900    2.1807
    9.2000    2.1817
    9.2100    2.1829
    9.2200    2.1840
    9.2300    2.1852
    9.2400    2.1865
    9.2500    2.1878
    9.2600    2.1892
    9.2700    2.1905
    9.2800    2.1920
    9.2900    2.1934
    9.3000    2.1949
    9.3100    2.1964
    9.3200    2.1979
    9.3300    2.1995
    9.3400    2.2010
    9.3500    2.2025
    9.3600    2.2040
    9.3700    2.2055
    9.3800    2.2070
    9.3900    2.2085
    9.4000    2.2099
    9.4100    2.2113
    9.4200    2.2126
    9.4300    2.2139
    9.4400    2.2152
    9.4500    2.2164
    9.4600    2.2176
    9.4700    2.2187
    9.4800    2.2198
    9.4900    2.2208
    9.5000    2.2218
    9.5100    2.2227
    9.5200    2.2236
    9.5300    2.2244
    9.5400    2.2251
    9.5500    2.2258
    9.5600    2.2265
    9.5700    2.2271
    9.5800    2.2276
    9.5900    2.2281
    9.6000    2.2285
    9.6100    2.2288
    9.6200    2.2292
    9.6300    2.2294
    9.6400    2.2296
    9.6500    2.2297
    9.6600    2.2298
    9.6700    2.2298
    9.6800    2.2298
    9.6900    2.2296
    9.7000    2.2295
    9.7100    2.2292
    9.7200    2.2289
    9.7300    2.2285
    9.7400    2.2280
    9.7500    2.2275
    9.7600    2.2269
    9.7700    2.2262
    9.7800    2.2254
    9.7900    2.2245
    9.8000    2.2235
    9.8100    2.2224
    9.8200    2.2212
    9.8300    2.2198
    9.8400    2.2184
    9.8500    2.2168
    9.8600    2.2151
    9.8700    2.2132
    9.8800    2.2112
    9.8900    2.2089
    9.9000    2.2065
    9.9100    2.2039
    9.9200    2.2011
    9.9300    2.1980
    9.9400    2.1947
    9.9500    2.1912
    9.9600    2.1873
    9.9700    2.1832
    9.9800    2.1787
    9.9900    2.1738
   10.0000    2.1686
   10.0100    2.1630
   10.0200    2.1570
   10.0300    2.1505
   10.0400    2.1436
   10.0500    2.1363
   10.0600    2.1285
   10.0700    2.1202
   10.0800    2.1115
   10.0900    2.1023
   10.1000    2.0927
   10.1100    2.0826
   10.1200    2.0721
   10.1300    2.0612
   10.1400    2.0499
   10.1500    2.0382
   10.1600    2.0261
   10.1700    2.0138
   10.1800    2.0011
   10.1900    1.9882
   10.2000    1.9752
   10.2100    1.9619
   10.2200    1.9485
   10.2300    1.9351
   10.2400    1.9216
   10.2500    1.9082
   10.2600    1.8948
   10.2700    1.8815
   10.2800    1.8684
   10.2900    1.8555
   10.3000    1.8429
   10.3100    1.8305
   10.3200    1.8184
   10.3300    1.8067
   10.3400    1.7953
   10.3500    1.7844
   10.3600    1.7739
   10.3700    1.7639
   10.3800    1.7543
   10.3900    1.7453
   10.4000    1.7367
   10.4100    1.7286
   10.4200    1.7210
   10.4300    1.7140
   10.4400    1.7074
   10.4500    1.7013
   10.4600    1.6957
   10.4700    1.6906
   10.4800    1.6860
   10.4900    1.6818
   10.5000    1.6780
   10.5100    1.6747
   10.5200    1.6717
   10.5300    1.6691
   10.5400    1.6667
   10.5500    1.6647
   10.5600    1.6629
   10.5700    1.6614
   10.5800    1.6600
   10.5900    1.6589
   10.6000    1.6579
   10.6100    1.6571
   10.6200    1.6565
   10.6300    1.6559
   10.6400    1.6555
   10.6500    1.6552
   10.6600    1.6550
   10.6700    1.6549
   10.6800    1.6548
   10.6900    1.6549
   10.7000    1.6550
   10.7100    1.6552
   10.7200    1.6554
   10.7300    1.6558
   10.7400    1.6561
   10.7500    1.6566
   10.7600    1.6571
   10.7700    1.6576
   10.7800    1.6582
   10.7900    1.6588
   10.8000    1.6594
   10.8100    1.6601
   10.8200    1.6608
   10.8300    1.6615
   10.8400    1.6622
   10.8500    1.6630
   10.8600    1.6637
   10.8700    1.6644
   10.8800    1.6651
   10.8900    1.6658
   10.9000    1.6664
   10.9100    1.6670
   10.9200    1.6676
   10.9300    1.6681
   10.9400    1.6685
   10.9500    1.6689
   10.9600    1.6692
   10.9700    1.6694
   10.9800    1.6695
   10.9900    1.6695
   11.0000    1.6693
   11.0100    1.6691
   11.0200    1.6687
   11.0300    1.6683
   11.0400    1.6677
   11.0500    1.6671
   11.0600    1.6664
   11.0700    1.6656
   11.0800    1.6647
   11.0900    1.6638
   11.1000    1.6628
   11.1100    1.6617
   11.1200    1.6607
   11.1300    1.6596
   11.1400    1.6585
   11.1500    1.6574
   11.1600    1.6562
   11.1700    1.6551
   11.1800    1.6540
   11.1900    1.6529
   11.2000    1.6518
   11.2100    1.6508
   11.2200    1.6498
   11.2300    1.6488
   11.2400    1.6479
   11.2500    1.6471
   11.2600    1.6463
   11.2700    1.6455
   11.2800    1.6449
   11.2900    1.6443
   11.3000    1.6437
   11.3100    1.6433
   11.3200    1.6429
   11.3300    1.6425
   11.3400    1.6423
   11.3500    1.6421
   11.3600    1.6420
   11.3700    1.6419
   11.3800    1.6419
   11.3900    1.6419
   11.4000    1.6420
   11.4100    1.6421
   11.4200    1.6422
   11.4300    1.6424
   11.4400    1.6426
   11.4500    1.6428
   11.4600    1.6430
   11.4700    1.6432
   11.4800    1.6434
   11.4900    1.6436
   11.5000    1.6437
   11.5100    1.6438
   11.5200    1.6439
   11.5300    1.6439
   11.5400    1.6438
   11.5500    1.6438
   11.5600    1.6437
   11.5700    1.6435
   11.5800    1.6433
   11.5900    1.6431
   11.6000    1.6428
   11.6100    1.6426
   11.6200    1.6424
   11.6300    1.6421
   11.6400    1.6420
   11.6500    1.6419
   11.6600    1.6419
   11.6700    1.6420
   11.6800    1.6422
   11.6900    1.6426
   11.7000    1.6433
   11.7100    1.6441
   11.7200    1.6453
   11.7300    1.6467
   11.7400    1.6485
   11.7500    1.6506
   11.7600    1.6532
   11.7700    1.6562
   11.7800    1.6597
   11.7900    1.6637
   11.8000    1.6683
   11.8100    1.6735
   11.8200    1.6794
   11.8300    1.6858
   11.8400    1.6930
   11.8500    1.7008
   11.8600    1.7093
   11.8700    1.7184
   11.8800    1.7282
   11.8900    1.7386
   11.9000    1.7496
   11.9100    1.7612
   11.9200    1.7733
   11.9300    1.7860
   11.9400    1.7990
   11.9500    1.8125
   11.9600    1.8263
   11.9700    1.8405
   11.9800    1.8548
   11.9900    1.8693
   12.0000    1.8840
   12.0100    1.8986
   12.0200    1.9133
   12.0300    1.9278
   12.0400    1.9422
   12.0500    1.9564
   12.0600    1.9703
   12.0700    1.9839
   12.0800    1.9972
   12.0900    2.0100
   12.1000    2.0224
   12.1100    2.0343
   12.1200    2.0456
   12.1300    2.0564
   12.1400    2.0667
   12.1500    2.0764
   12.1600    2.0855
   12.1700    2.0940
   12.1800    2.1020
   12.1900    2.1093
   12.2000    2.1161
   12.2100    2.1222
   12.2200    2.1278
   12.2300    2.1329
   12.2400    2.1373
   12.2500    2.1412
   12.2600    2.1446
   12.2700    2.1474
   12.2800    2.1496
   12.2900    2.1513
   12.3000    2.1525
   12.3100    2.1531
   12.3200    2.1531
   12.3300    2.1525
   12.3400    2.1513
   12.3500    2.1494
   12.3600    2.1469
   12.3700    2.1436
   12.3800    2.1396
   12.3900    2.1347
   12.4000    2.1290
   12.4100    2.1222
   12.4200    2.1144
   12.4300    2.1054
   12.4400    2.0951
   12.4500    2.0834
   12.4600    2.0702
   12.4700    2.0554
   12.4800    2.0387
   12.4900    2.0201
   12.5000    1.9994
   12.5100    1.9766
   12.5200    1.9519
   12.5300    1.9260
   12.5400    1.8992
   12.5500    1.8723
   12.5600    1.8458
   12.5700    1.8205
   12.5800    1.7968
   12.5900    1.7755
   12.6000    1.7569
   12.6100    1.7414
   12.6200    1.7292
   12.6300    1.7205
   12.6400    1.7156
   12.6500    1.7146
   12.6600    1.7179
   12.6700    1.7263
   12.6800    1.7406
   12.6900    1.7619
   12.7000    1.7915
   12.7100    1.8297
   12.7200    1.8753
   12.7300    1.9255
   12.7400    1.9771
   12.7500    2.0269
   12.7600    2.0723
   12.7700    2.1115
   12.7800    2.1438
   12.7900    2.1694
   12.8000    2.1887
   12.8100    2.2029
   12.8200    2.2132
   12.8300    2.2206
   12.8400    2.2259
   12.8500    2.2296
   12.8600    2.2321
   12.8700    2.2334
   12.8800    2.2340
   12.8900    2.2337
   12.9000    2.2328
   12.9100    2.2313
   12.9200    2.2292
   12.9300    2.2265
   12.9400    2.2233
   12.9500    2.2196
   12.9600    2.2154
   12.9700    2.2108
   12.9800    2.2059
   12.9900    2.2007
   13.0000    2.1956
   13.0100    2.1905
   13.0200    2.1855
   13.0300    2.1807
   13.0400    2.1762
   13.0500    2.1719
   13.0600    2.1679
   13.0700    2.1642
   13.0800    2.1608
   13.0900    2.1577
   13.1000    2.1549
   13.1100    2.1525
   13.1200    2.1505
   13.1300    2.1487
   13.1400    2.1474
   13.1500    2.1463
   13.1600    2.1456
   13.1700    2.1452
   13.1800    2.1451
   13.1900    2.1453
   13.2000    2.1458
   13.2100    2.1465
   13.2200    2.1475
   13.2300    2.1487
   13.2400    2.1501
   13.2500    2.1517
   13.2600    2.1534
   13.2700    2.1553
   13.2800    2.1573
   13.2900    2.1594
   13.3000    2.1616
   13.3100    2.1639
   13.3200    2.1662
   13.3300    2.1686
   13.3400    2.1709
   13.3500    2.1733
   13.3600    2.1757
   13.3700    2.1780
   13.3800    2.1803
   13.3900    2.1826
   13.4000    2.1848
   13.4100    2.1870
   13.4200    2.1890
   13.4300    2.1910
   13.4400    2.1929
   13.4500    2.1947
   13.4600    2.1964
   13.4700    2.1980
   13.4800    2.1994
   13.4900    2.2008
   13.5000    2.2020
   13.5100    2.2031
   13.5200    2.2040
   13.5300    2.2049
   13.5400    2.2056
   13.5500    2.2062
   13.5600    2.2068
   13.5700    2.2072
   13.5800    2.2075
   13.5900    2.2078
   13.6000    2.2080
   13.6100    2.2081
   13.6200    2.2081
   13.6300    2.2080
   13.6400    2.2079
   13.6500    2.2077
   13.6600    2.2074
   13.6700    2.2071
   13.6800    2.2068
   13.6900    2.2063
   13.7000    2.2059
   13.7100    2.2054
   13.7200    2.2048
   13.7300    2.2042
   13.7400    2.2036
   13.7500    2.2030
   13.7600    2.2023
   13.7700    2.2016
   13.7800    2.2009
   13.7900    2.2002
   13.8000    2.1995
   13.8100    2.1988
   13.8200    2.1982
   13.8300    2.1975
   13.8400    2.1969
   13.8500    2.1963
   13.8600    2.1958
   13.8700    2.1953
   13.8800    2.1948
   13.8900    2.1945
   13.9000    2.1941
   13.9100    2.1939
   13.9200    2.1937
   13.9300    2.1936
   13.9400    2.1936
   13.9500    2.1936
   13.9600    2.1937
   13.9700    2.1939
   13.9800    2.1942
   13.9900    2.1945
   14.0000    2.1949
   14.0100    2.1953
   14.0200    2.1958
   14.0300    2.1963
   14.0400    2.1968
   14.0500    2.1974
   14.0600    2.1979
   14.0700    2.1983
   14.0800    2.1988
   14.0900    2.1992
   14.1000    2.1996
   14.1100    2.1999
   14.1200    2.2002
   14.1300    2.2004
   14.1400    2.2005
   14.1500    2.2006
   14.1600    2.2006
   14.1700    2.2006
   14.1800    2.2004
   14.1900    2.2002
   14.2000    2.2000
   14.2100    2.1997
   14.2200    2.1993
   14.2300    2.1988
   14.2400    2.1983
   14.2500    2.1977
   14.2600    2.1971
   14.2700    2.1964
   14.2800    2.1956
   14.2900    2.1948
   14.3000    2.1939
   14.3100    2.1930
   14.3200    2.1921
   14.3300    2.1910
   14.3400    2.1900
   14.3500    2.1889
   14.3600    2.1878
   14.3700    2.1866
   14.3800    2.1854
   14.3900    2.1841
   14.4000    2.1829
   14.4100    2.1815
   14.4200    2.1802
   14.4300    2.1788
   14.4400    2.1775
   14.4500    2.1760
   14.4600    2.1746
   14.4700    2.1731
   14.4800    2.1717
   14.4900    2.1701
   14.5000    2.1686
   14.5100    2.1671
   14.5200    2.1655
   14.5300    2.1639
   14.5400    2.1622
   14.5500    2.1606
   14.5600    2.1589
   14.5700    2.1572
   14.5800    2.1554
   14.5900    2.1537
   14.6000    2.1519
   14.6100    2.1501
   14.6200    2.1483
   14.6300    2.1464
   14.6400    2.1445
   14.6500    2.1426
   14.6600    2.1406
   14.6700    2.1387
   14.6800    2.1367
   14.6900    2.1347
   14.7000    2.1326
   14.7100    2.1306
   14.7200    2.1285
   14.7300    2.1263
   14.7400    2.1242
   14.7500    2.1220
   14.7600    2.1198
   14.7700    2.1176
   14.7800    2.1154
   14.7900    2.1131
   14.8000    2.1108
   14.8100    2.1085
   14.8200    2.1061
   14.8300    2.1038
   14.8400    2.1014
   14.8500    2.0989
   14.8600    2.0965
   14.8700    2.0940
   14.8800    2.0914
   14.8900    2.0889
   14.9000    2.0863
   14.9100    2.0836
   14.9200    2.0809
   14.9300    2.0782
   14.9400    2.0755
   14.9500    2.0727
   14.9600    2.0699
   14.9700    2.0670
   14.9800    2.0641
   14.9900    2.0611
   15.0000    2.0581
