0   -0.63038085
1   0.28607645
1.5   -0.5974694
2   -1.0936728
2.8   -1.1088627
3.5   -1.1037994
4   -0.7645583
4.3   -0.1164559
5   0.28607645
5.5   -0.5974694
6   -1.265825
6.8   -1.7164587
7.1   -1.71392705
7.7   -1.71392705
8   -1.1037994
8.7   -0.7645583
9.3   -0.1164559
10   0.28607645
10.5   -0.5974694
11   -1.265825
11.8   -1.6101294
12.2   -2.0556998
12.5   -2.0556998
12.7   -2.0556998
12.8   -1.71392705
13   -1.1037994
13.5   -0.7645583
14   -0.1164559
14.5   0.28607645
15   -0.63038085