6   6   0   0   0   0   1   0   3   7
0   0   0
 1.433333333   1.4           0.5236
 3.827777778   2.411111111   4.886933333
 4.077777778  -0.461111111   0.715586667
 4.272222222   0.172222222   0
 4.138888889   0.422222222   0.087266667
1   2          0             0.594444444  -1.644444444   0
2   3          2.427777778   0            -0.444444444  -0.072222222
3   6          1.772222222   0            -0.166666667   0
3   4          2.1           0             0.338888889   0.483333333
4   5          0.433333333   0.183333333   0            -0.222222222
5   6          0             0.222222222   0.166666667   0
1
5   1  1   2   0.416666667   0.333333333   0.000         0.95         6        21
5   2  2   3   0.761111111   0.983333333  -0.961111111   0.000        6        22
5   3  3   6  -0.194444444   0.183333333   0.166666667   0.000        6        23
1              0.416666667   0.333333333
2              0             0.95
2              0.761111111   0.983333333
3             -0.961111111   0
3             -0.194444444   0.183333333
6              0.166666667   0
4             -0.611111111   0.333333333
12             0.000001
0              0.01           15